date,pm25,pm10,o3,no2,so2, co
2013/12/31, ,19,22,30, ,2
2014/1/1,43,30,22,42, ,4
2014/1/10,70,54,6,58, ,9
2014/1/11,112,42,6,37, ,5
2014/1/12,91,39,15,51, ,6
2014/1/13,72,36,16,56, ,6
2014/1/14,62,28,15,48, ,5
2014/1/15,66,23,21,46, ,5
2014/1/16,50,31,15,49, ,5
2014/1/17,59,36,6,47, ,6
2014/1/18,73,38,14,54, ,6
2014/1/19,81,47,5,60, ,8
2014/1/2,53,33,22,34, ,2
2014/1/20,79,35,14,44, ,5
2014/1/21,65,79,8,46, ,6
2014/1/22,80,36,15,51, ,5
2014/1/23,68,45,10,57, ,7
2014/1/24,72,32,25,41, ,4
2014/1/25,66,33,26,39, ,3
2014/1/26,56,27,22,41, ,4
2014/1/27,46,30,15,44, ,4
2014/1/28,56,35,10,48,1,6
2014/1/29,74,46,3,49, ,7
2014/1/3,50,28,23,41, ,3
2014/1/30,85,43,17,45, ,7
2014/1/31,87,26,20,44, ,4
2014/1/4,52,23,19,34, ,3
2014/1/5,45,20,20,30, ,3
2014/1/6,40,32,18,40, ,5
2014/1/7,54,41,12,51, ,6
2014/1/8,76,30,15,40, ,4
2014/1/9,55,43,9,49, ,6
2014/10/1,100,45,15,54, ,6
2014/10/10,87,38,21,46, ,7
2014/10/11,80,36,13,42, ,5
2014/10/12,80,25,24,41, ,5
2014/10/13,53,34,23,59, ,7
2014/10/14,67,44,8,55, ,9
2014/10/15,92,36,17,45, ,7
2014/10/16,65,33,16,51, ,7
2014/10/17,64,36,15,51, ,8
2014/10/18,75,37,20,46, ,6
2014/10/19,78,41,12,49, ,6
2014/10/2,78,61,25,71, ,11
2014/10/20,74,39,20,37, ,4
2014/10/21,58,59,16,51, ,6
2014/10/22,69,44,18,49, ,5
2014/10/23,68,43,12,52, ,6
2014/10/24,78,51,5,49, ,8
2014/10/25,108,47,14,46, ,7
2014/10/26,100,56,6,53, ,9
2014/10/27,116,42,9,36, ,6
2014/10/28,89,53,6,47, ,8
2014/10/29,109,57,5,57, ,9
2014/10/3,106,53,28,53, ,7
2014/10/30,108,55,6,60, ,9
2014/10/31,98,45,11,42, ,7
2014/10/4,83,34,20,38, ,4
2014/10/5,56,35,14,44, ,5
2014/10/6,70,29,19,43, ,5
2014/10/7,54,27,22,48, ,6
2014/10/8,61,35,20,45, ,7
2014/10/9,63,45,12,51, ,8
2014/11/1,88,28,21,29, ,3
2014/11/10,96,33,23,40, ,6
2014/11/11,72,35,16,49, ,7
2014/11/12,66,42,9,42, ,7
2014/11/13,69,34,8,45, ,7
2014/11/14,75,34,11,41, ,7
2014/11/15,76,26,14,42, ,5
2014/11/16,68,30,13,49, ,7
2014/11/17,70,38,8,46, ,7
2014/11/18,85,47,7,45, ,9
2014/11/19,99,47,5,36, ,7
2014/11/2,60,27,20,42, ,4
2014/11/20,91,52,1,41, ,10
2014/11/21,109,54,1,42, ,9
2014/11/22,110,49,10,39, ,8
2014/11/23,103,37,15,45, ,5
2014/11/24,71,49,4,40,1,8
2014/11/25,95,46, ,41, ,10
2014/11/26,100,44,2,42, ,9
2014/11/27,87,44,4,45, ,8
2014/11/28,79,57,2,33, ,7
2014/11/29,123,49,1,34,1,6
2014/11/3,50,36,16,52, ,7
2014/11/30,120,42,1,32,1,6
2014/11/4,76,36,12,49, ,6
2014/11/5,71,44,12,52, ,7
2014/11/6,87,28,19,45, ,5
2014/11/7,57,34,13,40, ,5
2014/11/8,66,33,12,40, ,5
2014/11/9,71,37,10,44, ,6
2014/12/1,96,41,1,34, ,7
2014/12/10,64,32,17,40, ,4
2014/12/11,54,23,20,41, ,4
2014/12/12,53,32,18,57, ,5
2014/12/13,82,49,5,51,1,6
2014/12/14,112,38,4,45, ,6
2014/12/15,92,45,11,51, ,8
2014/12/16,92,24,15,46, ,5
2014/12/17,67,26,18,44, ,4
2014/12/18,66,28,19,44, ,4
2014/12/19,65,32,19,51, ,4
2014/12/2,82,49,2,35, ,7
2014/12/20,70,28,18,43, ,3
2014/12/21,67,29,23,39, ,3
2014/12/22,60,28,14,43, ,5
2014/12/23,69,34,18,37, ,5
2014/12/24,83,34,17,46, ,4
2014/12/25,78,40,17,50, ,5
2014/12/26,84,21,21,27, ,2
2014/12/27,58,37,15,31, ,3
2014/12/28,83, , , , , 
2014/12/3,113,54, ,36,2,8
2014/12/31, ,71,17,52,1,8
2014/12/4,109,46,2,42,2,9
2014/12/5,97,50,10,51,1,7
2014/12/6,97,42,9,47, ,6
2014/12/7,91,37,9,55,1,6
2014/12/8,78,49,10,55,1,7
2014/12/9,85,31,20,45, ,5
2014/2/1,54,37,18,42, ,5
2014/2/10,56,68,17,40, ,4
2014/2/11,51,30,21,38, ,4
2014/2/12,54,29,19,48, ,4
2014/2/13,55,28,28,47, ,5
2014/2/14,57,26,25,28, ,3
2014/2/15,43,26,21,33, ,3
2014/2/16,50,39,25,51, ,6
2014/2/17,69,44,11,49, ,6
2014/2/18,82,74,15,53, ,5
2014/2/19,67,22,22,41, ,4
2014/2/2,68,41,18,45, ,6
2014/2/20,54,26,23,44, ,4
2014/2/21,45,30,19,45, ,5
2014/2/22,66,33,24,39, ,3
2014/2/23,62,40,20,54, ,5
2014/2/24,76,27,23,44, ,4
2014/2/25,53,41,18,53, ,5
2014/2/26,65,31,17,52, ,4
2014/2/27,60,30,16,57, ,5
2014/2/28,61,40,18,60, ,5
2014/2/3,76,32,17,43, ,5
2014/2/4,52,27,22,37, ,4
2014/2/5,47,34,17,46, ,5
2014/2/6,58,30,24,37, ,3
2014/2/7,48,18,24,28, ,2
2014/2/8,36,20,25,27, ,3
2014/2/9,41,33,20,44, ,6
2014/3/1,87,45,24,47, ,5
2014/3/10,138,80,13,44, ,6
2014/3/11,164,86,22,67, ,9
2014/3/12,166,91,23,84, ,10
2014/3/13,168,98,15,71, ,9
2014/3/14,177,64,23,40, ,4
2014/3/15,113,42,25,40, ,4
2014/3/16,67,81,15,46, ,4
2014/3/17,81,42,24,43, ,4
2014/3/18,74,51,22,53, ,6
2014/3/19,64,56,31,52, ,5
2014/3/2,100,25,21,50, ,5
2014/3/20,69,34,27,47, ,6
2014/3/21,56,24,27,39, ,3
2014/3/22,40,23,25,40, ,3
2014/3/23,41,44,17,60, ,6
2014/3/24,72,37,16,54, ,5
2014/3/25,77,53,21,53,1,6
2014/3/26,99,54,25,63, ,7
2014/3/27,114,59,31,63, ,7
2014/3/28,123,60,33,55, ,6
2014/3/29,95,59,24,66, ,6
2014/3/3,53,44,15,65, ,8
2014/3/30,92,61,22,66, ,8
2014/3/31,99,64,29,65, ,8
2014/3/4,78,80,22,72, ,8
2014/3/5,97,64,20,70, ,10
2014/3/6,123,66,20,67, ,8
2014/3/7,132,67,25,58, ,6
2014/3/8,145,63,28,61, ,7
2014/3/9,119,71,27,68, ,8
2014/4/1,96,59,17,59, ,7
2014/4/10,89,70,31,56, ,6
2014/4/11,101,66,36,50, ,5
2014/4/12,102,39,30,47, ,3
2014/4/13,62,57,32,45, ,4
2014/4/14,63,70,30,57, ,4
2014/4/15,64,55,34,59, ,5
2014/4/16,74,59,38,62, ,6
2014/4/17,67,69,31,45, ,4
2014/4/18,64,92,28,47, ,3
2014/4/19,64,61,34,46, ,4
2014/4/2,88,59,23,58, ,7
2014/4/20,69,45,35,56, ,4
2014/4/21,63,51,30,55, ,6
2014/4/22,72,45,33,55, ,7
2014/4/23,74,62,27,58, ,5
2014/4/24,99,46,23,49, ,6
2014/4/25,101,29,17,43, ,4
2014/4/26,65,23,29,35, ,3
2014/4/27,47,31,23,47, ,5
2014/4/28,62,39,19,54, ,7
2014/4/29,74,80,24,56, ,8
2014/4/3,81,82,20,56, ,7
2014/4/30,88,31,19,40, ,4
2014/4/4,81,44,47,50, ,5
2014/4/5,68,34,16,32, ,4
2014/4/6,46,46,28,35, ,5
2014/4/7,54,32,29,49, ,4
2014/4/8,45,48,24,60, ,6
2014/4/9,69,64,26,69, ,6
2014/5/1,67,40,30,38, ,4
2014/5/10,49,32,29,28, ,2
2014/5/11,35,61,21,41, ,4
2014/5/12,39,28,23,41, ,5
2014/5/13,45,38,31,47, ,6
2014/5/14,57,43,33,51, ,4
2014/5/15,63,85,32,54, ,5
2014/5/16,69,59,42,60,1,5
2014/5/17,82,51,44,61, ,5
2014/5/18,74,48,43,63, ,5
2014/5/19,64,34,27,53, ,6
2014/5/2,74,38,34,43, ,3
2014/5/20,55,37,26,52, ,6
2014/5/21,70,29,29,49, ,5
2014/5/22,58,31,25,49, ,5
2014/5/23,58,25,26,38, ,4
2014/5/24,54,31,32,47, ,4
2014/5/25,60,34,24,49, ,7
2014/5/26,65,30,23,37, ,5
2014/5/27,59,32,21,45, ,6
2014/5/28,58,31,33,44, ,4
2014/5/29,60,40,30,50, ,6
2014/5/3,60,47,39,56, ,3
2014/5/30,72,50,35,43, ,3
2014/5/31,86,37,34,49, ,4
2014/5/4,81,52,39,69, ,7
2014/5/5,82,39,31,47, ,5
2014/5/6,58,68,25,44, ,5
2014/5/7,48,26,25,26, ,2
2014/5/8,38,31,29,35, ,4
2014/5/9,43,26,27,32, ,3
2014/6/1,70,79,35,55, ,6
2014/6/10,78,37,35,48, ,5
2014/6/11,65,41,38,57,1,5
2014/6/12,60,47,44,60, ,5
2014/6/13,75,42,26,36, ,3
2014/6/14,62,43,32,34, ,3
2014/6/15,57,45,29,38, ,4
2014/6/16,56,45,24,39, ,4
2014/6/17,61,50,31,43, ,4
2014/6/18,66,43,23,42, ,5
2014/6/19,61,49,23,43, ,5
2014/6/2,81,36,27,57, ,5
2014/6/20,63,69,31,47, ,3
2014/6/21,60,63,43,57, ,3
2014/6/22,70,53,31,55, ,4
2014/6/23,62,54,39,61,1,5
2014/6/24,72,48,32,50, ,4
2014/6/25,70,52,40,63, ,5
2014/6/26,71,45,27,47, ,6
2014/6/27,67,35,20,43, ,4
2014/6/28,67,28,22,35, ,3
2014/6/29,58,39,29,53, ,6
2014/6/3,67,28,22,43, ,5
2014/6/30,69,38,34,54,1,4
2014/6/4,51,32,28,48, ,6
2014/6/5,52,64,38,71, ,8
2014/6/6,71,43,39,53, ,5
2014/6/7,71,33,39,41, ,3
2014/6/8,64,32,34,49, ,5
2014/6/9,66,42,14,56,1,8
2014/7/1,62,40,42,59, ,5
2014/7/10,53,31,21,38, ,6
2014/7/11,59,37,36,43, ,5
2014/7/12,71,30,20,28, ,3
2014/7/13,59,33,32,41, ,4
2014/7/14,63,42,29,53, ,7
2014/7/15,85,46,43,63, ,7
2014/7/16,82,50,46,65, ,6
2014/7/17,81,53,63,80, ,7
2014/7/18,84,50,53,55, ,4
2014/7/19,84,27,28,33, ,4
2014/7/2,64,52,50,79, ,7
2014/7/20,63,32,38,40, ,5
2014/7/21,66,40,44,45, ,4
2014/7/22,70,53,42,61, ,7
2014/7/23,101,53,55,74,1,6
2014/7/24,82,52,50,64, ,5
2014/7/25,78,45,39,46, ,4
2014/7/26,78,76,47,53, ,4
2014/7/27,79,32,34,48, ,4
2014/7/28,71,31,28,40,1,5
2014/7/29,62,37,36,50, ,6
2014/7/3,74,44,36,63, ,7
2014/7/30,68,42,39,58, ,5
2014/7/31,67,46,43,61, ,6
2014/7/4,74,24,19,26, ,4
2014/7/5,42,24,24,34, ,4
2014/7/6,51,37,18,48, ,6
2014/7/7,70,32,21,46, ,6
2014/7/8,64,36,22,37, ,5
2014/7/9,65,29,18,35, ,6
2014/8/1,76,36,28,39,1,4
2014/8/10,52,29,25,29, ,3
2014/8/11,44,64,24,31, ,3
2014/8/12,46,53,22,38, ,4
2014/8/13,53,24,25,36, ,3
2014/8/14,53,21,28,27, ,2
2014/8/15,48,29,32,40, ,3
2014/8/16,63,22,60,30, ,2
2014/8/17,44,31,27,39, ,3
2014/8/18,46,28,25,40, ,3
2014/8/19,52,41,27,49, ,4
2014/8/2,63,23,27,38, ,3
2014/8/20,57,39,29,54, ,5
2014/8/21,59,29,27,41, ,4
2014/8/22,54,27,32,36, ,3
2014/8/23,51,29,30,48, ,3
2014/8/24,54,29,19,41, ,4
2014/8/25,59,23,19,41, ,5
2014/8/26,56,29,16,43, ,5
2014/8/27,63,30,15,41, ,6
2014/8/28,59,34,24,49, ,6
2014/8/29,61,28,20,39, ,4
2014/8/3,54,29,28,49, ,4
2014/8/30,61,29,27,37, ,4
2014/8/31,58,43,32,61, ,6
2014/8/4,61,36,35,53, ,4
2014/8/5,70,33,12,46, ,6
2014/8/6,72,34,17,45, ,6
2014/8/7,79,26,16,37, ,5
2014/8/8,63,23,26,32, ,4
2014/8/9,53,23,23,26, ,3
2014/9/1,78,44,23,45, ,5
2014/9/10,102,69,24,46, ,6
2014/9/11,100,59,28,51, ,6
2014/9/12,89,75,31,49, ,4
2014/9/13,110,60,32,51, ,4
2014/9/14,103,62,31,54, ,7
2014/9/15,98,65,37,67,1,7
2014/9/16,93,56,26,65,1,8
2014/9/17,83,48,20,64, ,9
2014/9/18,79,42,16,54, ,8
2014/9/19,74,40,28,49, ,6
2014/9/2,75,45,30,42, ,5
2014/9/20,76,35,29,38,3,4
2014/9/21,75,52,27,47,5,5
2014/9/22,102,62,24,53,5,5
2014/9/23,125,58,25,55,4,7
2014/9/24,131,44,20,54, ,8
2014/9/25,71,48,23,66, ,7
2014/9/26,82,48,28,49, ,2
2014/9/27,76,39,29,56, ,7
2014/9/28,72,41,19,58, ,7
2014/9/29,87,51,20,71, ,10
2014/9/3,82,47,14,41, ,6
2014/9/30,104,49,22,65, ,9
2014/9/4,89,53,22,48, ,7
2014/9/5,108,64,32,47, ,6
2014/9/6,135,61,42,49, ,6
2014/9/7,122,61,40,47, ,6
2014/9/8,121,61,32,50,1,5
2014/9/9,114,59,25,50,1,5
2015/1/1,142,49,13,56,1,6
2015/1/10,53,29,24,36, ,3
2015/1/11,60,28,18,34, ,4
2015/1/12,59,26,22,33, ,4
2015/1/13,61,28,23,40,3,5
2015/1/14,58,27,22,35, ,4
2015/1/15,57,36,15,52, ,6
2015/1/16,67,40,12,37, ,6
2015/1/17,77,40,16,49,1,6
2015/1/18,80,47,14,52,1,7
2015/1/19,99,59,11,55, ,8
2015/1/2,105,28,16,38, ,4
2015/1/20,131,49,11,45,1,7
2015/1/21,96,60,4,41, ,8
2015/1/22,136,61,9,40, ,7
2015/1/23,142,48,18,46, ,6
2015/1/24,98,54,19,55,1,6
2015/1/25,102,32,17,50, ,5
2015/1/26,74,50,13,63,1,8
2015/1/27,90,31,26,43, ,4
2015/1/28,60,25,31,48, ,4
2015/1/29,56,30,25,55, ,6
2015/1/3,75,38,22,47, ,5
2015/1/30,71,27,22,49, ,4
2015/1/31,71,22,26,34, ,4
2015/1/4,93,49,3,51, ,7
2015/1/5,107,45,5,43, ,8
2015/1/6,100,43,7,44, ,9
2015/1/7,89,31,18,40, ,5
2015/1/8,71,31,17,38, ,3
2015/1/9,62,26,23,35, ,3
2015/10/1,66,51,21,60,1,7
2015/10/10,92,46,15,37, ,3
2015/10/11,94,53,8,39,1,5
2015/10/12,104,52,18,43,4,5
2015/10/13,98,44,13,43,2,5
2015/10/14,94,36,5,39,33,5
2015/10/15,82,47,2,44,4,7
2015/10/16,112,44,12,46,1,6
2015/10/17,88,36,11,40,2,4
2015/10/18,82,53,2,43,25,7
2015/10/19,119,51,11,43,1,7
2015/10/2,75,63,17,64, ,7
2015/10/20,112,38,14,53,1,6
2015/10/21,77,28,14,49, ,5
2015/10/22,61,37,25,61, ,6
2015/10/23,68,33,10,41, ,4
2015/10/24,69,37,16,40, ,4
2015/10/25,71,51,6,50,1,8
2015/10/26,98,51,11,56, ,8
2015/10/27,84,34,17,50, ,4
2015/10/28,70,36,11,46, ,5
2015/10/29,70,42,8,43, ,6
2015/10/3,102,56,17,41, ,4
2015/10/30,82,51,6,43, ,6
2015/10/31,110,54,4,55, ,9
2015/10/4,101,32,11,43, ,6
2015/10/5,63,25,20,42, ,5
2015/10/6,58,24,20,37, ,4
2015/10/7,41,34,20,48, ,5
2015/10/8,55,44,18,52,1,6
2015/10/9,80,45,16,40, ,4
2015/11/1,120,52,2,43, ,6
2015/11/10,64,35,11,34, ,3
2015/11/11,80,50,8,48, ,7
2015/11/12,104,33,23,44, ,3
2015/11/13,63,27,24,35, ,1
2015/11/14,50,26,21,27, ,2
2015/11/15,54,29,20,35, ,3
2015/11/16,55,18,22,28,16,3
2015/11/17,39,30,20,34,10,4
2015/11/18,56,22,18,35, ,3
2015/11/19,49,23,17,51, ,5
2015/11/2,110,41,9,52, ,7
2015/11/20,54,19,20,34, ,2
2015/11/21,42,29,20,51, ,3
2015/11/22,59,46,15,59,1,6
2015/11/23,91,30,15,43,1,4
2015/11/24,73,23,11,54, ,6
2015/11/25,55,45,7,62,1,9
2015/11/26,85,52,4,48, ,6
2015/11/27,115,23,20,43, ,3
2015/11/28,38,22,27,24, ,1
2015/11/29,43,20,26,31, ,2
2015/11/3,81,31,13,50, ,6
2015/11/30,34,29,22,51, ,6
2015/11/4,65,37,15,47, ,6
2015/11/5,75,22,10,38, ,6
2015/11/6,53,30,10,37, ,5
2015/11/7,68,29,16,34, ,3
2015/11/8,68,30,22,39, ,3
2015/11/9,57,64,16,45, ,6
2015/12/1,55,42,19,62, ,5
2015/12/10,67,34,13,42, ,5
2015/12/11,70,31,14,40, ,3
2015/12/12,61,38,16,34, ,4
2015/12/13,79,48,6,42, ,6
2015/12/14,104,43,11,50, ,6
2015/12/15,91,48,8,40, ,6
2015/12/16,77,47,5,47, ,6
2015/12/17,84,50,9,42, ,5
2015/12/18,95,50,3,44, ,6
2015/12/19,97,37,23,34, ,2
2015/12/2,71,46,8,49, ,5
2015/12/20,73,27,24,31, ,3
2015/12/21,49,27,21,37, ,4
2015/12/22,56,36,15,44, ,4
2015/12/23,65,32,22,35, ,3
2015/12/24,69,33,17,35, ,2
2015/12/25,66,39,11,43, ,3
2015/12/26,81,42,9,44, ,3
2015/12/27,86,49,3,46, ,5
2015/12/28,86,39,18,49, ,4
2015/12/29,68,36,10,47, ,4
2015/12/3,86,36,16,53,1,6
2015/12/30,63, , , , , 
2015/12/4,70,37,11,41, ,4
2015/12/5,75,38,12,34, ,4
2015/12/6,78,47,2,48, ,7
2015/12/7,87,37,17,50,1,5
2015/12/8,77,80,11,50, ,5
2015/12/9,73,33,8,40, ,4
2015/2/1,55,40,24,56, ,7
2015/2/10,86,63,9,46, ,8
2015/2/11,105,83,4,64, ,13
2015/2/12,163,55,22,51,1,7
2015/2/13,112,28,18,47, ,5
2015/2/14,65,33,15,36, ,6
2015/2/15,67,54,9,51, ,8
2015/2/16,109,57,11,48,1,7
2015/2/17,108,68,5,54,1,7
2015/2/18,137,59,15,46, ,6
2015/2/19,131,28,23,41, ,4
2015/2/2,69,56,14,65,1,7
2015/2/20,70,31,20,54, ,5
2015/2/21,77,29,24,42, ,4
2015/2/22,73,31,24,44, ,4
2015/2/23,65,37,19,47, ,5
2015/2/24,65,45,12,57, ,7
2015/2/25,85,36,25,47, ,6
2015/2/26,81,42,24,57, ,6
2015/2/27,77,37,24,42, ,4
2015/2/28,73,28,27,37, ,3
2015/2/3,94,49,16,47, ,6
2015/2/4,90,48,13,40, ,6
2015/2/5,86,52,9,38,1,5
2015/2/6,111,51,15,42,1,5
2015/2/7,118,44,21,37, ,4
2015/2/8,78,58,5,51, ,7
2015/2/9,110,45,17,39, ,5
2015/3/1,67,31,27,48, ,4
2015/3/10,103,64,18,49,1,6
2015/3/11,113,54,23,49,3,6
2015/3/12,79,52,19,54,1,7
2015/3/13,92,58,21,46, ,5
2015/3/14,113,53,8,37, ,5
2015/3/15,120,58,16,52,1,8
2015/3/16,122,75,21,73,2,9
2015/3/17,146,82,18,48,1,7
2015/3/18,163,59,21,45,2,6
2015/3/19,124,86,16,49, ,7
2015/3/2,62,38,22,51, ,5
2015/3/20,167,64,20,42, ,5
2015/3/21,116,42,17,37, ,4
2015/3/22,69,56,19,52,1,6
2015/3/23,98,47,18,58,1,6
2015/3/24,89,41,21,53, ,6
2015/3/25,74,43,15,55, ,6
2015/3/26,78,45,23,58, ,6
2015/3/27,65,30,19,37, ,3
2015/3/28,57,19,25,30, ,2
2015/3/29,34,27,28,40, ,4
2015/3/3,69,42,23,52, ,6
2015/3/30,44,30,29,32, ,3
2015/3/31,44,34,27,40, ,4
2015/3/4,69,56,21,58, ,7
2015/3/5,81,63,14,72,1,9
2015/3/6,102,64,14,62, ,8
2015/3/7,122,58,20,55, ,7
2015/3/8,117,51,19,50, ,7
2015/3/9,93,57,6,50, ,7
2015/4/1,48,33,24,46,1,6
2015/4/10,89,37,28,47, ,4
2015/4/11,59,42,30,53, ,5
2015/4/12,73,52,23,61,1,7
2015/4/13,70,62,29,72,1,9
2015/4/14,71,59,29,76,1,9
2015/4/15,69,70,26,80,1,8
2015/4/16,78,71,24,52,1,5
2015/4/17,95,84,36,48, ,3
2015/4/18,67,61,38,49, ,4
2015/4/19,71,66,40,60,1,5
2015/4/2,52,44,10,52, ,6
2015/4/20,82,70,37,57,1,5
2015/4/21,93,69,31,49,1,4
2015/4/22,92,66,35,62,1,6
2015/4/23,92,62,25,60,1,6
2015/4/24,95,34,29,43, ,3
2015/4/25,66,29,22,38, ,3
2015/4/26,59,43,28,34, ,3
2015/4/27,61,41,28,46, ,5
2015/4/28,59,47,28,50, ,4
2015/4/29,62,25,18,49, ,5
2015/4/3,78,34,21,39, ,4
2015/4/30,58,22,24,43, ,3
2015/4/4,72,38,33,44, ,3
2015/4/5,71,47,33,47,1,3
2015/4/6,86,49,34,57,2,6
2015/4/7,90,65,35,73,2,7
2015/4/8,118,71,30,80,3,9
2015/4/9,116,64,35,70,1,7
2015/5/1,58,28,22,42, ,4
2015/5/10,58,51,28,61, ,7
2015/5/11,69,50,33,44, ,5
2015/5/12,58,49,32,57, ,5
2015/5/13,60,37,30,37, ,3
2015/5/14,59,47,31,40, ,4
2015/5/15,66,42,29,43, ,4
2015/5/16,65,46,39,49, ,3
2015/5/17,69,46,30,44,1,4
2015/5/18,58,49,27,42, ,4
2015/5/19,47,31,26,42, ,4
2015/5/2,66,22,27,30, ,3
2015/5/20,49,42,35,53, ,6
2015/5/21,64,48,36,59,1,6
2015/5/22,75,48,27,39, ,3
2015/5/23,64,49,33,38, ,3
2015/5/24,68,35,36,29, ,2
2015/5/25,52,43,32,47, ,5
2015/5/26,60,50,36,60, ,6
2015/5/27,75,39,25,49, ,5
2015/5/28,60,44,31,45, ,4
2015/5/29,57,41,31,42, ,4
2015/5/3,43,36,21,44, ,6
2015/5/30,49,35,25,28, ,2
2015/5/31,59,50,31,41, ,4
2015/5/4,61,56,37,39, ,4
2015/5/5,53,49,79,39, ,3
2015/5/6,47,40,44,48, ,5
2015/5/7,56,38,24,43, ,4
2015/5/8,62,34,32,33, ,2
2015/5/9,48,38,51,39, ,3
2015/6/1,56,43,27,38, ,5
2015/6/10,64,44,45,63,1,6
2015/6/11,77,43,39,56, ,5
2015/6/12,70,37,42,41, ,3
2015/6/13,60,47,39,37, ,2
2015/6/14,56,53,35,43, ,4
2015/6/15,79,56,37,44, ,4
2015/6/16,56,49,40,51, ,5
2015/6/17,61,35,28,32, ,5
2015/6/18,50,53,33,50, ,4
2015/6/19,69,46,29,37, ,4
2015/6/2,54,39,31,38, ,3
2015/6/20,64,33,24,22, ,3
2015/6/21,44,35,17,36, ,4
2015/6/22,54,37,28,38, ,4
2015/6/23,57,47,36,60, ,6
2015/6/24,73,50,47,65, ,6
2015/6/25,74,56,50,74, ,6
2015/6/26,74,37,34,34,1,3
2015/6/27,51,37,41,43, ,3
2015/6/28,57,42,37,50, ,4
2015/6/29,53,58,45,74, ,5
2015/6/3,57,53,41,64,1,4
2015/6/30,65,62,70,89,1,7
2015/6/4,70,61,46,66, ,5
2015/6/5,76,45,37,33, ,2
2015/6/6,49,82,41,42, ,2
2015/6/7,64,73,32,36, ,3
2015/6/8,55,65,34,38,1,4
2015/6/9,90,61,42,51, ,5
2015/7/1,81,56,44,57, ,5
2015/7/10,66,53,42,50, ,4
2015/7/11,67,36,24,33, ,2
2015/7/12,53,31,21,34, ,4
2015/7/13,51,39,20,30, ,3
2015/7/14,49,47,35,51, ,5
2015/7/15,64,63,42,69, ,6
2015/7/16,72,37,28,36, ,3
2015/7/17,60,45,45,47, ,3
2015/7/18,57,27,25,34, ,3
2015/7/19,58,24,16,36, ,4
2015/7/2,75,59,62,68, ,6
2015/7/20,49,34,20,36, ,4
2015/7/21,57,34,31,37, ,3
2015/7/22,51,38,36,42,1,4
2015/7/23,49,44,32,54, ,5
2015/7/24,63,33,32,30, ,2
2015/7/25,44,49,27,39, ,3
2015/7/26,62,27,26,26, ,2
2015/7/27,40,27,25,33, ,3
2015/7/28,43,32,26,34, ,3
2015/7/29,44,32,28,39, ,4
2015/7/3,77,59,63,65,1,4
2015/7/30,48,45,35,49, ,4
2015/7/31,62,44,44,44, ,3
2015/7/4,86,41,33,34, ,3
2015/7/5,58,52,41,65, ,6
2015/7/6,66,41,26,53, ,5
2015/7/7,63,33,22,31, ,3
2015/7/8,47,43,33,40,1,4
2015/7/9,57,63,45,66, ,5
2015/8/1,60,56,53,55, ,3
2015/8/10,50,60,26,37, ,3
2015/8/11,58,69,57,53, ,4
2015/8/12,78,46,42,45, ,3
2015/8/13,80,26,28,35, ,3
2015/8/14,54,22,28,23, ,1
2015/8/15,43,30,31,35, ,2
2015/8/16,55,34,33,40, ,2
2015/8/17,58,38,33,47, ,4
2015/8/18,67,43,37,51, ,4
2015/8/19,70,31,21,38, ,4
2015/8/2,63,44,54,65,1,4
2015/8/20,71,34,36,44, ,4
2015/8/21,71,40,45,52, ,3
2015/8/22,63,31,32,40, ,2
2015/8/23,52,21,23,27, ,2
2015/8/24,48,27,20,29, ,3
2015/8/25,51,29,27,38, ,3
2015/8/26,56,28,18,48, ,4
2015/8/27,61,33,20,49, ,5
2015/8/28,71,41,31,57, ,7
2015/8/29,80,43,38,63, ,7
2015/8/3,67,42,31,38, ,3
2015/8/30,82,40,28,49, ,6
2015/8/31,74,27,29,39, ,5
2015/8/4,53,55,39,55, ,5
2015/8/5,64,47,34,46, ,4
2015/8/6,64,49,40,46, ,3
2015/8/7,56,62,37,50,1,3
2015/8/8,57,49,40,42, ,2
2015/8/9,67,45,25,41, ,3
2015/9/1,47,34,29,45, ,5
2015/9/10,66,56,29,71,1,6
2015/9/11,69,42,17,50, ,5
2015/9/12,87,42,14,36, ,4
2015/9/13,83,23,24,36, ,3
2015/9/14,47,23,25,38, ,4
2015/9/15,52,23,24,44, ,4
2015/9/16,68,32,22,43, ,5
2015/9/17,58,30,20,48, ,5
2015/9/18,68,27,25,40, ,4
2015/9/19,53,36,30,50, ,4
2015/9/2,56,32,28,40, ,6
2015/9/20,64,36,29,55, ,6
2015/9/21,71,20,21,34, ,4
2015/9/22,40,31,21,45, ,6
2015/9/23,52,30,16,43, ,5
2015/9/24,62,36,16,42, ,6
2015/9/25,66,40,24,42, ,3
2015/9/26,71,41,29,42, ,3
2015/9/27,64,34,24,39, ,4
2015/9/28,58,36,26,40, ,4
2015/9/29,49,38,22,43, ,4
2015/9/3,44,29,23,44, ,6
2015/9/30,57,43,23,48,1,4
2015/9/4,46,28,23,38, ,4
2015/9/5,53,34,26,33, ,2
2015/9/6,49,44,23,49, ,5
2015/9/7,61,43,20,40,1,4
2015/9/8,63,45,31,44, ,5
2015/9/9,64,49,33,56, ,5
2016/1/1, ,24,18,34, ,2
2016/1/10,41,20,18,44, ,4
2016/1/11,47,20,20,40, ,3
2016/1/12,43,33,22,44, ,4
2016/1/13,53,28,17,48, ,4
2016/1/14,59,27,19,47, ,4
2016/1/15,48,44,13,58, ,5
2016/1/16,71,60,12,52, ,4
2016/1/17,87,41,14,40, ,4
2016/1/18,76,52,3,45,1,6
2016/1/19,112,64,3,51,1,8
2016/1/2,51,19,20,32, ,1
2016/1/20,143,61,4,51, ,7
2016/1/21,140,51,2,47, ,6
2016/1/22,109,37,11,44, ,3
2016/1/23,73,39,3,38, ,4
2016/1/24,85,51,5,45, ,6
2016/1/25,92,43,17,38, ,5
2016/1/26,77,41,22,30, ,3
2016/1/27,53,39,19,51, ,6
2016/1/28,59,37,14,46, ,5
2016/1/29,56,17,22,32, ,2
2016/1/3,47,28,20,38, ,3
2016/1/30,37,17,18,40, ,2
2016/1/31,46,28,24,39, ,3
2016/1/4,47,24,19,40, ,4
2016/1/5,51,24,16,40, ,5
2016/1/6,51,24,22,39, ,3
2016/1/7,54,40,16,52, ,6
2016/1/8,73,29,18,41, ,3
2016/1/9,65,17,24,38, ,3
2016/10/1,57,23,23,34, ,3
2016/10/10,83,41,11,44, ,5
2016/10/11,80,53,9,44,1,5
2016/10/12,104,56,6,39, ,5
2016/10/13,67,35,4,41, ,6
2016/10/14,70,39,18,40, ,4
2016/10/15,76,35,21,47, ,4
2016/10/16,66,27,18,46, ,5
2016/10/17,50,32,19,47, ,5
2016/10/18,56,32,16,47, ,5
2016/10/19,46,29,14,45, ,6
2016/10/2,43,43,19,55, ,5
2016/10/20,51,31,12,48, ,6
2016/10/21,55,43,13,51, ,5
2016/10/22,81,35,14,41, ,4
2016/10/23,72,40,3,41, ,7
2016/10/24,86,50,3,45, ,7
2016/10/25,95,51,3,39, ,6
2016/10/26,92,55,2,50, ,8
2016/10/27,118,51,19,54, ,7
2016/10/28,104,35,16,42, ,3
2016/10/29,72,45,12,40, ,4
2016/10/3,69,47,25,49, ,5
2016/10/30,82,42,9,44, ,5
2016/10/31,70,41,5,44, ,6
2016/10/4,61,41,20,41, ,3
2016/10/5,48,40,16,41, ,4
2016/10/6,44,38,7,38, ,4
2016/10/7,63,51,11,35, ,4
2016/10/8,75,54,19,46, ,3
2016/10/9,76,48,11,58,1,7
2016/11/1,82,38,16,47, ,5
2016/11/10,44,48,14,38, ,3
2016/11/11,49,61,3,41, ,5
2016/11/12,113,34,9,35, ,4
2016/11/13,68,41,7,41, ,5
2016/11/14,81,35,2,40, ,5
2016/11/15,73,23,10,37, ,4
2016/11/16,49,21,19,35, ,3
2016/11/17,34,22,25,38, ,3
2016/11/18,38,23,21,37, ,3
2016/11/19,42,25,23,32, ,2
2016/11/2,71,62,9,60,1,7
2016/11/20,42,23,15,46, ,4
2016/11/21,54,34,20,44, ,4
2016/11/22,57,38,4,49, ,7
2016/11/23,76,42,1,43, ,6
2016/11/24,78,48,1,37, ,5
2016/11/25,89,52, ,39, ,5
2016/11/26,97,59,8,40,1,5
2016/11/27,100,41,16,43, ,3
2016/11/28,58,38,11,45,1,4
2016/11/29,62,64,2,68,2,10
2016/11/3,80,45,3,47, ,6
2016/11/30,117,97,3,89,3,17
2016/11/4,90,33,19,42, ,5
2016/11/5,72,28,17,46, ,3
2016/11/6,62,59,12,42, ,4
2016/11/7,53,32,8,46, ,5
2016/11/8,62,27,17,38, ,3
2016/11/9,51,21,17,50, ,5
2016/12/1,170,95,1,86,2,11
2016/12/10,114,46,14,47, ,4
2016/12/11,74,39,10,46, ,4
2016/12/12,69,41,3,45, ,5
2016/12/13,82,75,2,48, ,7
2016/12/14,95,61,1,48, ,9
2016/12/15,123,56,3,47, ,7
2016/12/16,100,61,8,46,1,7
2016/12/17,107,44,4,35, ,4
2016/12/18,78,42,7,39, ,4
2016/12/19,73,42,8,39, ,5
2016/12/2,176,59,12,47,1,4
2016/12/20,80,42,6,39, ,4
2016/12/21,78,31,7,45, ,5
2016/12/22,66,42,15,46, ,5
2016/12/23,76,29,17,38, ,2
2016/12/24,50,32,19,32, ,2
2016/12/25,49,27,17,40, ,3
2016/12/26,46,53,9,59, ,5
2016/12/27,85,52,10,48,1,4
2016/12/28,83,57,7,44, ,5
2016/12/29,101,63,2,47, ,7
2016/12/3,89,65,6,43, ,4
2016/12/30,141,49,2,33, ,5
2016/12/31,104,31,5,26, ,3
2016/12/4,83,67,1,53,1,9
2016/12/5,127,74,1,57,1,10
2016/12/6,155,76,1,53,1,10
2016/12/7,151,67,2,53, ,8
2016/12/8,139,61,3,54, ,7
2016/12/9,119,55,2,47, ,6
2016/2/1,45,23,22,35, ,3
2016/2/10,40,34,21,50, ,4
2016/2/11,57,28,16,44, ,4
2016/2/12,62,28,17,49, ,4
2016/2/13,68,22,21,42, ,3
2016/2/14,56,31,21,40, ,4
2016/2/15,54,40,13,47, ,5
2016/2/16,66,55,11,55,1,7
2016/2/17,103,48,8,49, ,6
2016/2/18,100,41,18,52, ,5
2016/2/19,69,20,21,34, ,3
2016/2/2,44,27,20,40, ,3
2016/2/20,47,15,20,28, ,2
2016/2/21,36,24,24,34, ,3
2016/2/22,46,26,23,47, ,4
2016/2/23,55,45,19,56,1,6
2016/2/24,84,44,18,48, ,5
2016/2/25,86,59,21,59, ,7
2016/2/26,119,46,18,44, ,3
2016/2/27,95,44,23,34, ,3
2016/2/28,93,41,23,37, ,3
2016/2/29,77,39,13,46, ,4
2016/2/3,46,27,14,43, ,4
2016/2/4,51,29,15,47, ,5
2016/2/5,54,34,20,44, ,4
2016/2/6,62,20,26,30, ,2
2016/2/7,44,23,27,31, ,2
2016/2/8,41,20,25,39, ,3
2016/2/9,44,22,25,41, ,3
2016/3/1,76,22,23,39, ,3
2016/3/10,74,71,23,49,1,6
2016/3/11,135,62,29,49,1,4
2016/3/12,142,54,26,42, ,3
2016/3/13,118,47,20,44, ,4
2016/3/14,92,51,18,48, ,5
2016/3/15,101,51,21,40, ,4
2016/3/16,99,48,20,48, ,5
2016/3/17,98,67,12,49, ,6
2016/3/18,148,45,18,41, ,4
2016/3/19,94,39,21,40, ,3
2016/3/2,45,28,24,41, ,4
2016/3/20,83,39,23,46, ,5
2016/3/21,72,45,29,50, ,4
2016/3/22,80,45,21,47, ,5
2016/3/23,84,53,22,56, ,5
2016/3/24,102,39,19,46, ,5
2016/3/25,82,32,23,41, ,3
2016/3/26,68,18,31,28, ,1
2016/3/27,40,20,27,25, ,1
2016/3/28,40,25,25,40, ,3
2016/3/29,47,29,20,51, ,5
2016/3/3,47,29,21,51, ,4
2016/3/30,59,24,22,44, ,4
2016/3/31,62,44,22,46, ,4
2016/3/4,58,28,24,49, ,4
2016/3/5,62,29,26,44, ,3
2016/3/6,61,29,21,47, ,4
2016/3/7,59,37,22,52, ,5
2016/3/8,64,31,19,43, ,4
2016/3/9,60,41,15,50, ,6
2016/4/1,98,44,14,45, ,5
2016/4/10,69,29,25,49, ,4
2016/4/11,63,32,25,54, ,5
2016/4/12,65,31,28,51, ,5
2016/4/13,68,33,25,53,1,5
2016/4/14,65,28,27,42, ,3
2016/4/15,52,22,30,40, ,3
2016/4/16,54,24,28,42, ,2
2016/4/17,59,30,32,54, ,4
2016/4/18,62,47,35,64, ,4
2016/4/19,71,50,34,51, ,3
2016/4/2,94,39,28,43, ,3
2016/4/20,74,45,29,55, ,5
2016/4/21,68,58,16,54, ,6
2016/4/22,94,43,26,38, ,2
2016/4/23,77,24,28,42, ,2
2016/4/24,52,29,27,48, ,3
2016/4/25,56,22,30,42, ,3
2016/4/26,44,23,30,35, ,4
2016/4/27,37,27,31,46, ,4
2016/4/28,47,29,30,38, ,3
2016/4/29,45,23,28,36, ,3
2016/4/3,83,25,27,44, ,4
2016/4/30,45,29,38,31, ,2
2016/4/4,57,41,28,49, ,5
2016/4/5,70,42,24,48, ,4
2016/4/6,65,26,28,43, ,3
2016/4/7,53,31,21,47, ,4
2016/4/8,59,38,26,50, ,4
2016/4/9,71,31,33,48, ,3
2016/5/1,45,30,30,49,1,4
2016/5/10,62,36,25,49, ,6
2016/5/11,78,35,28,50, ,5
2016/5/12,74,63,32,47, ,6
2016/5/13,134,47,33,36, ,2
2016/5/14,63,33,36,41, ,2
2016/5/15,63,39,37,49, ,3
2016/5/16,72,41,33,58, ,5
2016/5/17,67,43,38,50, ,3
2016/5/18,62,31,30,39, ,4
2016/5/19,53,32,25,46, ,4
2016/5/2,52,31,33,42, ,4
2016/5/20,64,32,27,41, ,3
2016/5/21,65,27,24,45, ,4
2016/5/22,70,25,24,37, ,4
2016/5/23,61,33,23,44, ,3
2016/5/24,60,43,28,45, ,4
2016/5/25,70,48,25,50, ,4
2016/5/26,88,44,40,54, ,5
2016/5/27,82,43,29,54, ,4
2016/5/28,85,53,20,40, ,3
2016/5/29,120,34,25,39, ,4
2016/5/3,62,38,40,54, ,4
2016/5/30,81,18,21,38, ,5
2016/5/31,43,39,14,40, ,6
2016/5/4,76,50,45,50, ,2
2016/5/5,64,51,44,57, ,4
2016/5/6,74,58,42,55, ,4
2016/5/7,88,58,47,59, ,3
2016/5/8,92,42,41,45, ,4
2016/5/9,61,30,27,44, ,5
2016/6/1,81,31,18,38, ,5
2016/6/10,77,37,36,53, ,3
2016/6/11,68,33,29,40, ,3
2016/6/12,69,28,20,35, ,3
2016/6/13,50,26,20,33, ,3
2016/6/14,49,25,21,37, ,4
2016/6/15,38,29,16,45, ,5
2016/6/16,55,34,25,43, ,4
2016/6/17,52,28,27,39, ,3
2016/6/18,51,31,35,38, ,2
2016/6/19,57,27,20,40, ,4
2016/6/2,62,28,20,43, ,6
2016/6/20,52,26,15,31, ,5
2016/6/21,48,36,32,47, ,6
2016/6/22,62,38,43,56, ,5
2016/6/23,63,31,33,36, ,5
2016/6/24,52,27,27,32, ,3
2016/6/25,41,25,30,29, ,2
2016/6/26,37,40,23,38, ,4
2016/6/27,52,29,26,43, ,5
2016/6/28,49,28,25,36, ,3
2016/6/29,38,29,22,37, ,3
2016/6/3,62,34,20,35, ,4
2016/6/30,48,23,16,30, ,3
2016/6/4,69,43,22,37, ,4
2016/6/5,97,55,23,52, ,6
2016/6/6,118,51,46,58, ,7
2016/6/7,95,52,38,46, ,5
2016/6/8,90,46,38,47, ,4
2016/6/9,77,48,44,63, ,5
2016/7/1,35,24,22,27, ,2
2016/7/10,65,45,23,34, ,3
2016/7/11,47,33,24,37, ,4
2016/7/12,43,30,22,39, ,4
2016/7/13,35,31,26,29, ,3
2016/7/14,49,42,37,44, ,4
2016/7/15,62,48,26,43, ,4
2016/7/16,64,52,35,37, ,3
2016/7/17,59,53,34,47, ,4
2016/7/18,58,66,41,64, ,5
2016/7/19,67,55,42,64, ,5
2016/7/2,40,24,19,33, ,2
2016/7/20,73,42,34,41, ,5
2016/7/21,68,43,34,36, ,4
2016/7/22,57,47,37,32, ,3
2016/7/23,57,62,34,35, ,3
2016/7/24,53,60,24,39, ,4
2016/7/25,65,33,27,33, ,4
2016/7/26,52,34,26,40, ,4
2016/7/27,60,25,25,33, ,4
2016/7/28,46,23,23,31, ,3
2016/7/29,44,25,24,38, ,4
2016/7/3,49,30,21,35, ,4
2016/7/30,49,35,32,35, ,3
2016/7/31,52,30,32,39, ,3
2016/7/4,59,28,21,36, ,5
2016/7/5,58,37,38,47, ,5
2016/7/6,60,45,53,64, ,5
2016/7/7,69,53,45,63, ,5
2016/7/8,73,30,31,35, ,3
2016/7/9,59,44,35,45, ,4
2016/8/1,48,26,23,32, ,3
2016/8/10,74,33,27,32, ,3
2016/8/11,49,37,25,31, ,3
2016/8/12,63,47,39,32, ,3
2016/8/13,58,47,31,26, ,2
2016/8/14,51,53,40,38, ,2
2016/8/15,63,47,51,54, ,3
2016/8/16,74,61,51,56, ,4
2016/8/17,72,39,30,54, ,4
2016/8/18,75,34,28,40, ,3
2016/8/19,72,26,30,24, ,2
2016/8/2,50,26,20,29, ,3
2016/8/20,46,22,26,25, ,2
2016/8/21,41,33,36,48, ,4
2016/8/22,57,110,34,52, ,4
2016/8/23,91,56,53,62, ,5
2016/8/24,58,109,71,81, ,6
2016/8/25,87,80,80,85, ,5
2016/8/26,92,63,56,57, ,4
2016/8/27,93,50,31,44, ,3
2016/8/28,59,29,23,37, ,3
2016/8/29,50,48,37,58, ,4
2016/8/3,54,26,18,28, ,3
2016/8/30,75,51,45,63, ,5
2016/8/31,81,42,27,49, ,5
2016/8/4,52,29,29,32, ,3
2016/8/5,53,37,26,38, ,3
2016/8/6,60,32,26,36, ,3
2016/8/7,55,30,26,30, ,3
2016/8/8,50,41,29,31, ,2
2016/8/9,52,51,25,32,1,3
2016/9/1,57,47,43,59,1,5
2016/9/10,65,36,19,37, ,4
2016/9/11,60,59,40,64, ,5
2016/9/12,71,60,36,75, ,5
2016/9/13,72,47,39,60, ,5
2016/9/14,62,33,29,48,1,4
2016/9/15,62,30,22,37, ,4
2016/9/16,53,24,13,29, ,3
2016/9/17,52,29,28,31, ,3
2016/9/18,64,34,24,46, ,6
2016/9/19,71,39,22,49, ,5
2016/9/2,65,41,30,46, ,4
2016/9/20,75,50,21,64,1,8
2016/9/21,86,55,29,72, ,8
2016/9/22,91,45,26,65,1,7
2016/9/23,84,48,36,63, ,6
2016/9/24,79,33,23,48, ,4
2016/9/25,64,43,19,56,1,6
2016/9/26,70,41,25,54, ,5
2016/9/27,61,35,20,49, ,5
2016/9/28,58,29,15,36, ,4
2016/9/29,49,36,21,53, ,6
2016/9/3,59,29,19,39, ,3
2016/9/30,57,26,22,40, ,4
2016/9/4,54,29,19,44, ,5
2016/9/5,58,32,8,38, ,6
2016/9/6,64,44,38,60,1,5
2016/9/7,67,50,28,62, ,6
2016/9/8,70,50,33,62,1,6
2016/9/9,65,47,33,57, ,4
2017/1/1,77,37,4,41, ,4
2017/1/10,54,33,22,42, ,3
2017/1/11,55,38,18,46, ,3
2017/1/12,56, , , , , 
2017/1/15, ,39,2,29, ,2
2017/1/16,100,53,10,41,1,4
2017/1/17,101,47,10,43,1,4
2017/1/18,82,54,10,48,1,5
2017/1/19,107,57,9,51,1,5
2017/1/2,79,39,7,57, ,5
2017/1/20,113,76,4,57,1,8
2017/1/21,159,84,5,60,2,10
2017/1/22,166,74,3,50,1,7
2017/1/23,163,59,10,49,1,8
2017/1/24,136,53,10,39, ,5
2017/1/25,112,68,6,40,1,7
2017/1/26,150,65,10,55, ,7
2017/1/27,107,49,15,49, ,4
2017/1/28,71,25,19,39, ,3
2017/1/29,64,23,14,42, ,4
2017/1/3,78,33,10,46, ,5
2017/1/30,60,40,6,46, ,6
2017/1/31,84,36,9,39, ,4
2017/1/4,61,44,10,53, ,5
2017/1/5,66,53,8,48, ,5
2017/1/6,90,53,5,43, ,5
2017/1/7,103,38,3,44, ,6
2017/1/8,98,29,16,36, ,5
2017/1/9,108,30,13,53, ,6
2017/10/17, ,52,13,50, ,6
2017/10/18,78,55,23,49, ,6
2017/10/19,72,30,26,34, ,3
2017/10/20,47,32,25,35, ,3
2017/10/21,52,24,26,26, ,1
2017/10/22,40,27,19,38, ,4
2017/10/23,48,26,14,38, ,5
2017/10/24,52,33,14,36, ,5
2017/10/25,57,51,1,42, ,8
2017/10/26,91,43,19,38, ,5
2017/10/27,80,36,21,40, ,4
2017/10/28,61,22,20,26, ,2
2017/10/29,40,34,18,41, ,3
2017/10/30,57,51,5,53,1,7
2017/10/31,84,49,8,49,1,7
2017/11/1,87,45,13,45, ,7
2017/11/10,51,22,17,30, ,3
2017/11/11,47,15,25,25, ,3
2017/11/12,42,28,19,29, ,4
2017/11/13,43,42,10,42, ,6
2017/11/14,71,50,1,42, ,8
2017/11/15,93,50,4,51,1,8
2017/11/16,94,54,4,49, ,8
2017/11/17,112,45,10,49, ,6
2017/11/18,81,27,21,37, ,3
2017/11/19,56,43,11,44, ,5
2017/11/2,87,57,11,47, ,8
2017/11/20,92,33,12,41, ,5
2017/11/21,63,39,12,40, ,5
2017/11/22,72,36,19,37, ,4
2017/11/23,57,31,17,44, ,6
2017/11/24,57,24,16,42, ,3
2017/11/25,51,21,18,37, ,2
2017/11/26,45,23,16,35, ,3
2017/11/27,45,21,21,44, ,4
2017/11/28,59,35,9,52, ,6
2017/11/29,66,30,13,46, ,5
2017/11/3,96,33,17,37, ,4
2017/11/30,53,28,16,47, ,4
2017/11/4,69,22,25,39, ,3
2017/11/5,43,36,15,46, ,5
2017/11/6,62,51,6,57,1,9
2017/11/7,85,59,2,56,1,9
2017/11/8,114,48,10,48, ,6
2017/11/9,91,28,16,39, ,5
2017/12/1,60,52,3,44, ,4
2017/12/10,51,28,18,37, ,3
2017/12/11,41,30,19,47, ,4
2017/12/12,52,25,13,39, ,4
2017/12/13,54,23,28,35, ,3
2017/12/14,37,20,21,42, ,3
2017/12/15,44,27,17,41, ,4
2017/12/16,52,35,10,46, ,4
2017/12/17,74,32,15,36, ,4
2017/12/18,55,51,5,47, ,6
2017/12/19,78,50,5,48, ,7
2017/12/2,117,44,2,33, ,7
2017/12/20,84,28,5,46, ,6
2017/12/21,65,24,24,45, ,5
2017/12/22,56,29,14,47, ,4
2017/12/23,69,20,15,31, ,2
2017/12/24,44,15,20,25, ,2
2017/12/25,36,20,17,32, ,2
2017/12/26,45,15,23,30, ,2
2017/12/27,35,29,18,41, ,3
2017/12/28,47,29,24,39, ,3
2017/12/29,68,22,20,35, ,2
2017/12/3,104,55,10,43, ,8
2017/12/30,41,24,19,26, , 
2017/12/31,45,20,26,21, ,1
2017/12/4,121,58,4,54,1,8
2017/12/5,102,56,7,43, ,7
2017/12/6,96,30,17,31, ,3
2017/12/7,62,26,15,44, ,3
2017/12/8,47,24,16,44, ,3
2017/12/9,50,25,20,33, ,2
2017/2/1,71,37,25,44, ,4
2017/2/10,119,65,4,44, ,5
2017/2/11,155,49,10,39, ,5
2017/2/12,117,52,13,35, ,4
2017/2/13,99,58,5,44, ,6
2017/2/14,107,55,18,52, ,6
2017/2/15,82,56,5,61,1,7
2017/2/16,110,56,5,56, ,7
2017/2/17,114,53,16,53, ,6
2017/2/18,108,46,25,52, ,5
2017/2/19,106,36,18,40, ,4
2017/2/2,66,27,22,41, ,3
2017/2/20,61,28,17,38, ,4
2017/2/21,41,31,23,41, ,3
2017/2/22,44,28,26,36, ,2
2017/2/23,36,42,26,54, ,5
2017/2/24,54,35,28,50, ,3
2017/2/25,74,24,32,32, ,2
2017/2/26,50,21,35,29, ,2
2017/2/27,30,21,29,40, ,3
2017/2/28,36,22,29,42, ,3
2017/2/3,47,24,20,47, ,3
2017/2/4,54,25,24,43, ,3
2017/2/5,51,35,17,43, ,4
2017/2/6,56,38,21,53, ,5
2017/2/7,60,41,8,41, ,4
2017/2/8,74,59,9,39, ,5
2017/2/9,111,57,8,42, ,5
2017/3/1,33,46,28,48, ,4
2017/3/10,94,46,19,58, ,6
2017/3/11,85,48,20,41, ,5
2017/3/12,101,48,21,37, ,4
2017/3/13,99,39,24,46,1,4
2017/3/14,71,46,20,53, ,5
2017/3/15,76,60,23,63,1,7
2017/3/16,103,36,28,44, ,3
2017/3/17,64,29,26,37, ,2
2017/3/18,41,34,27,37, ,2
2017/3/19,46,26,27,37, ,2
2017/3/2,48,41,19,52, ,5
2017/3/20,39,31,26,55, ,5
2017/3/21,49,34,29,43, ,4
2017/3/22,52,28,18,44, ,4
2017/3/23,59,46,11,46, ,4
2017/3/24,93,42,33,47, ,3
2017/3/25,81,38,30,48, ,4
2017/3/26,75,56,33,60, ,6
2017/3/27,96,44,32,56, ,5
2017/3/28,74,43,30,61, ,6
2017/3/29,63,47,32,64, ,5
2017/3/3,58,24,25,54, ,3
2017/3/30,62,35,33,48, ,4
2017/3/31,55,28,34,43, ,3
2017/3/4,53,18,32,35, ,2
2017/3/5,38,28,27,46, ,3
2017/3/6,46,36,22,51, ,5
2017/3/7,54,21,18,38, ,4
2017/3/8,45,36,16,40, ,4
2017/3/9,46,49,14,48,1,6
2017/4/1,48,36,33,45, ,3
2017/4/10,63,59,32,51, ,4
2017/4/11,63,56,35,43,1,3
2017/4/12,52,50,27,43, ,4
2017/4/13,59,51,35,47, ,4
2017/4/14,61,29,31,40, ,2
2017/4/15,48,33,33,39, ,2
2017/4/16,40,30,27,31, ,2
2017/4/17,42,41,30,46, ,3
2017/4/18,47,64,33,47, ,3
2017/4/19,69,62,33,55,1,4
2017/4/2,58,53,34,58, ,4
2017/4/20,70,63,34,61,1,5
2017/4/21,84,52,22,46, ,3
2017/4/22,71,48,34,47, ,2
2017/4/23,55,47,37,55, ,4
2017/4/24,60,31,29,44, ,3
2017/4/25,47,39,27,50, ,4
2017/4/26,50,43,29,53, ,4
2017/4/27,52,36,23,53, ,5
2017/4/28,65,56,36,43, ,3
2017/4/29,68,46,37,35, ,2
2017/4/3,81,47,28,49,1,4
2017/4/30,44,38,33,26, ,1
2017/4/4,74,48,28,38, ,3
2017/4/5,72,53,32,47, ,3
2017/4/6,62,62,32,59,1,5
2017/4/7,96,81,34,64, ,4
2017/4/8,123,83,42,72, ,5
2017/4/9,97,37,28,38, ,3
2017/5/1,50,33,34,45, ,3
2017/5/10,68,34,31,47,1,4
2017/5/11,58,33,28,49, ,5
2017/5/12,55,31,35,39, ,3
2017/5/13,51,25,33,34, ,2
2017/5/14,42,35,33,52, ,5
2017/5/15,55,43,36,61, ,6
2017/5/16,64,49,42,60, ,5
2017/5/17,68,25,26,38, ,4
2017/5/18,37,32,28,40, ,3
2017/5/19,52,26,29,39,1,3
2017/5/2,52,37,18,49, ,5
2017/5/20,52,29,33,41, ,3
2017/5/21,50,40,41,62, ,6
2017/5/22,60,32,30,38, ,4
2017/5/23,45,34,36,49, ,4
2017/5/24,53,43,35,43, ,2
2017/5/25,53,50,39,56, ,3
2017/5/26,51,34,51,47, ,2
2017/5/27,57,41,48,52, ,4
2017/5/28,82,40,41,53, ,4
2017/5/29,59,28,27,36, ,4
2017/5/3,84,47,25,50, ,6
2017/5/30,38,44,31,47, ,3
2017/5/31,68,65,47,59, ,4
2017/5/4,92,62,33,48,3,5
2017/5/5,117,35,20,40, ,4
2017/5/6,76,31,29,33, ,3
2017/5/7,70,29,27,31, ,2
2017/5/8,55,45,35,49,3,6
2017/5/9,68,41,40,62, ,6
2017/6/1,78,47,31,60, ,5
2017/6/10,63,31,45,44, ,3
2017/6/11,55,32,30,36, ,4
2017/6/12,43,39,33,48, ,4
2017/6/13,56,37,19,49, ,3
2017/6/14,60, , , , , 
2017/6/2,68,29,20,37, ,3
2017/6/3,53,41,32,37, ,2
2017/6/4,48,39,33,31, ,2
2017/6/5,67,38,24,29, ,2
2017/6/6,51,30,25,35, ,3
2017/6/7,71,35,30,49, ,5
2017/6/8,55,32,28,46, ,5
2017/6/9,51,35,41,52, ,5
2018/1/1,30,25,24,27, ,3
2018/1/10,60,40,15,39, ,6
2018/1/11,75,48,7,38,1,6
2018/1/12,96,43,9,32, ,4
2018/1/13,100,50,7,40, ,5
2018/1/14,105,23,21,30, ,3
2018/1/15,49,21,28,37, ,2
2018/1/16,40,24,29,35, ,2
2018/1/17,40,21,25,36, ,3
2018/1/18,44,22,23,49, ,4
2018/1/19,45,17,22,38, ,2
2018/1/2,47,25,28,20, ,1
2018/1/20,46,20,20,37, ,3
2018/1/21,56,23,24,37, ,4
2018/1/22,43,28,23,39, ,4
2018/1/23,50,20,17,26, ,2
2018/1/24,31,22,23,44, ,4
2018/1/25,46,37,17,46,1,6
2018/1/26,60,38,13,37, ,4
2018/1/27,78,21,15,25, ,3
2018/1/28,51,19,20,27, ,3
2018/1/29,28,29,19,32, ,4
2018/1/3,38,20,22,31, ,2
2018/1/30,41,17,28,34, ,2
2018/1/31,37,26,24,44, ,4
2018/1/4,37,26,25,38, ,7
2018/1/5,46,34,18,41, ,4
2018/1/6,77,31,8,23, ,3
2018/1/7,78,36,6,28,1,4
2018/1/8,73,40,9,31, ,6
2018/1/9,83,34,12,39, ,5
2018/10/1,44,33,17,37,1,4
2018/10/10,81,40,24,39,1,3
2018/10/11,48,35,21,38, ,4
2018/10/12,57,54,20,46, ,3
2018/10/13,65,44,29,37, ,2
2018/10/14,60,51,30,48, ,3
2018/10/15,69,60,26,57,1,6
2018/10/16,80,49,15,45, ,5
2018/10/17,67,53,17,33, ,3
2018/10/18,77,54,13,32, ,4
2018/10/19,92,72,17,36, ,3
2018/10/2,50,28,16,33,1,4
2018/10/20,94,71,12,38, ,3
2018/10/21,109,55,13,37, ,3
2018/10/22,77,46,15,41, ,4
2018/10/23,60,46,10,34, ,4
2018/10/24,60,49,15,39, ,5
2018/10/25,72,42,19,40, ,4
2018/10/26,67,43,18,39, ,3
2018/10/27,55,50,13,26, ,1
2018/10/28,67,39,11,28, ,3
2018/10/29,70,29,14,35, ,3
2018/10/3,48,47,22,46,2,5
2018/10/30,56,32,10,35, ,3
2018/10/31,70,21,14,34, ,2
2018/10/4,64,75,21,58,2,7
2018/10/5,81,64,32,54,2,5
2018/10/6,74,34,14,31,1,3
2018/10/7,65,49,22,45,1,6
2018/10/8,66,61,23,52,2,5
2018/10/9,76,63,25,49,2,6
2018/11/1,50,34,17,44, ,4
2018/11/10,42,16,20,28, ,2
2018/11/11,43,23,11,45, ,4
2018/11/12,58,34,19,38, ,4
2018/11/13,59,42,5,36, ,4
2018/11/14,73,33,3,27, ,1
2018/11/15,73,33,3,26, , 
2018/11/16,69,42,10,27, , 
2018/11/17,90,39,14,37, , 
2018/11/18,75,38,9,39,1, 
2018/11/19,70,35,9,33, , 
2018/11/2,68,48,13,53,1,6
2018/11/20,84,52,6,39,1, 
2018/11/21,117,47,6,31, , 
2018/11/22,102,48, ,34,1, 
2018/11/23,107,30,15,34, , 
2018/11/24,72,25,6,36, , 
2018/11/25,70,36, ,29, , 
2018/11/26,89,43,6,34, , 
2018/11/27,86,24,11,35, , 
2018/11/28,54,31,16,33, , 
2018/11/29,53,40,18,42, , 
2018/11/3,94,42,8,34, ,4
2018/11/30,61,29,19,31, , 
2018/11/4,105,41,8,34, ,4
2018/11/5,79,29,19,37, ,3
2018/11/6,53,21,18,31, ,2
2018/11/7,46,32,16,34, ,2
2018/11/8,54,35,15,38, ,3
2018/11/9,66,18,20,29, ,2
2018/12/1,54,13,20,27, , 
2018/12/10,52,50,4,46,1, 
2018/12/11,88,44,9,40, , 
2018/12/12,83,40,7,33, , 
2018/12/13,73,47,10,37,1, 
2018/12/14,83,39,11,31, , 
2018/12/15,85,23,13,39, , 
2018/12/16,63,34,19,40, , 
2018/12/17,59,35,10,36, , 
2018/12/18,59,28,18,36, , 
2018/12/19,50,34,22,37, , 
2018/12/2,33,18,24,34, , 
2018/12/20,47,18,23,31, , 
2018/12/21,35,28,23,37, , 
2018/12/22,48,21,18,31, , 
2018/12/23,42,23,19,35, , 
2018/12/24,53,37,13,41, , 
2018/12/25,83,48,1,33, , 
2018/12/26,108,47, ,29, , 
2018/12/27,110,47,1,36, , 
2018/12/28,107,50,2,36, , 
2018/12/29,111,31,13,36, , 
2018/12/3,39,31,21,41, , 
2018/12/30,81, , , , , 
2018/12/31, ,30,20,38, , 
2018/12/4,55,36,7,33, , 
2018/12/5,65,29,16,42, , 
2018/12/6,55,22,25,30, , 
2018/12/7,38,24,28,24, , 
2018/12/8,44,22,31,26, , 
2018/12/9,48,29,18,38, , 
2018/2/1,47,37,14,42,1,5
2018/2/10,65,23,25,40, ,3
2018/2/11,47,35,22,54,1,4
2018/2/12,52,36,17,43, ,4
2018/2/13,53,30,18,38, ,5
2018/2/14,57,30,15,48, ,7
2018/2/15,56,49,18,61,1,6
2018/2/16,73,49,16,51,1,5
2018/2/17,76,50,16,40, ,5
2018/2/18,100,38,7,35, ,5
2018/2/19,81,38,17,44, ,4
2018/2/2,55,31,10,45, ,4
2018/2/20,72,70,13,43,1,5
2018/2/21,144,65,19,44,1,4
2018/2/22,126,54,24,48,1,3
2018/2/23,83,48,24,47,1,4
2018/2/24,90,35,25,42,1,2
2018/2/25,67,46,24,43,2,3
2018/2/26,66,48,18,48,1,3
2018/2/27,84,82,23,48,1,3
2018/2/28,99,60,19,43,1,3
2018/2/3,68,25,15,34, ,3
2018/2/4,58,35,9,36,1,4
2018/2/5,77,36,6,37, ,4
2018/2/6,87,44,11,36,1,3
2018/2/7,104,53,5,58,1,6
2018/2/8,130,52,19,45,1,6
2018/2/9,116,32,21,49, ,3
2018/3/1,107,51,15,54,1,6
2018/3/10,67,23,30,43, ,3
2018/3/11,45,26,27,41, ,3
2018/3/12,38,38,26,42, ,4
2018/3/13,52,40,29,49, ,4
2018/3/14,63,31,26,54, ,5
2018/3/15,52,41,27,49, ,5
2018/3/16,56,38,6,48, ,4
2018/3/17,84,40,18,41, ,2
2018/3/18,92,51,18,49,1,4
2018/3/19,106,41,24,42,1,4
2018/3/2,94,44,21,65, ,5
2018/3/20,74,43,27,45, ,4
2018/3/21,65,50,26,54,1,4
2018/3/22,70,42,28,48, ,4
2018/3/23,62,47,28,47, ,4
2018/3/24,75,59,28,55,1,5
2018/3/25,116,54,31,46,1,5
2018/3/26,87,33,26,47, ,4
2018/3/27,64,26,30,40, ,3
2018/3/28,43,31,32,43, ,3
2018/3/29,45,29,25,48, ,5
2018/3/3,71,26,19,57, ,5
2018/3/30,51,28,27,45, ,4
2018/3/31,51,27,29,38, ,3
2018/3/4,62,40,17,63, ,7
2018/3/5,61,37,25,55, ,5
2018/3/6,55,25,25,55, ,5
2018/3/7,50,30,22,50, ,4
2018/3/8,51,39,9,66, ,7
2018/3/9,79,35,18,55, ,5
2018/4/1,55,28,25,37, ,3
2018/4/10,58,36,39,53, ,5
2018/4/11,53,49,19,49, ,5
2018/4/12,88,36,36,46, ,5
2018/4/13,68,40,26,47, ,4
2018/4/14,66,30,34,40, ,3
2018/4/15,57,43,35,47, ,4
2018/4/16,57,50,38,51, ,5
2018/4/17,68,61,46,56,1,5
2018/4/18,76,67,44,65,1,5
2018/4/19,103,68,48,67,1,6
2018/4/2,57,31,23,45, ,5
2018/4/20,88,69,51,62, ,3
2018/4/21,76,57,42,46, ,3
2018/4/22,74,49,32,40, ,3
2018/4/23,60,52,39,45, ,3
2018/4/24,55,41,31,35, ,3
2018/4/25,48,40,34,39, ,3
2018/4/26,42,66,36,44, ,3
2018/4/27,55,39,35,33, ,2
2018/4/28,42,29,23,38, ,2
2018/4/29,58,18,25,30, ,2
2018/4/3,53,27,32,41, ,4
2018/4/30,38,28,32,32, ,3
2018/4/4,44,31,29,44, ,4
2018/4/5,49,37,30,42,1,5
2018/4/6,58,37,31,46, ,4
2018/4/7,59,44,38,41, ,3
2018/4/8,65,43,22,51, ,5
2018/4/9,75,30,38,41, ,4
2018/5/1,48,42,35,44, ,4
2018/5/10,44,54,41,43, ,3
2018/5/11,56,38,27,40, ,3
2018/5/12,59,26,28,27, ,2
2018/5/13,43,42,34,36, ,4
2018/5/14,57,50,38,41, ,5
2018/5/15,88,58,39,41, ,4
2018/5/16,89,53,37,33, ,3
2018/5/17,64,59,30,37, ,3
2018/5/18,67,64,38,37, ,2
2018/5/19,71,62,45,37, ,2
2018/5/2,60,49,38,42, ,4
2018/5/20,88,49,43,45, ,3
2018/5/21,64,71,39,59, ,6
2018/5/22,79,61,35,41, ,4
2018/5/23,105,60,45,47, ,5
2018/5/24,88,56,41,52, ,4
2018/5/25,74,38,40,42, ,2
2018/5/26,69,49,49,48, ,6
2018/5/27,61,48,37,48, ,4
2018/5/28,61,40,29,40, ,4
2018/5/29,64,43,35,45, ,5
2018/5/3,54,49,41,46,1,4
2018/5/30,64,45,34,42, ,4
2018/5/31,56,29,24,38, ,5
2018/5/4,63,60,46,48,1,3
2018/5/5,92,58,48,54, ,4
2018/5/6,79,65,47,60,1,4
2018/5/7,73,57,60,51, ,4
2018/5/8,67,43,37,31, ,3
2018/5/9,59,43,37,28, ,2
2018/6/1,48,34,34,36, ,3
2018/6/10,119,50,19,40, ,5
2018/6/11,97,34,27,39, ,3
2018/6/12,64,29,24,34, ,3
2018/6/13,43,38,28,41,1,5
2018/6/14,59,39,34,37,1,5
2018/6/15,54,31,33,34, ,3
2018/6/16,50,26,28,34, ,3
2018/6/17,42,26,24,31, ,4
2018/6/18,42,37,19,31, ,4
2018/6/19,48,40,31,41,1,4
2018/6/2,57,31,38,40, ,3
2018/6/20,55,45,29,32, ,3
2018/6/21,48,41,31,37,1,3
2018/6/22,45,48,34,40, ,2
2018/6/23,55,47,39,45,1,2
2018/6/24,57,45,31,40,1,3
2018/6/25,51,52,42,52,1,3
2018/6/26,60,60,44,60,1,4
2018/6/27,66,61,43,54,1,3
2018/6/28,62,63,50,63,1,4
2018/6/29,67,65,55,57,1,3
2018/6/3,55,44,42,44, ,4
2018/6/30,68,72,57,58,1,3
2018/6/4,66,50,30,35, ,4
2018/6/5,107,46,17,38, ,5
2018/6/6,94,36,35,40, ,4
2018/6/7,50,48,38,48,1,5
2018/6/8,66,52,36,42, ,4
2018/6/9,105,54,33,40, ,3
2018/7/1,68,51,56,60,1,3
2018/7/10,41,57,31,38,1,3
2018/7/11,50,56,37,43,1,4
2018/7/12,62,64,46,46,1,4
2018/7/13,65,122,61,52,1,3
2018/7/14,78,80,63,58,1,4
2018/7/15,75,84,54,52,1,4
2018/7/16,63,63,33,35,1,2
2018/7/17,47,68,41,47,1,4
2018/7/18,51,72,54,56, ,3
2018/7/19,58,43,39,48, ,3
2018/7/2,60,55,44,51,1,3
2018/7/20,56,44,38,33,1,2
2018/7/21,61,58,58,49,1,3
2018/7/22,73,65,75,63,1,3
2018/7/23,67,71,45,61,1,3
2018/7/24,67,71,69,58,1,3
2018/7/25,67,80,81,84,1,5
2018/7/26,84,73,67,79,1,4
2018/7/27,93,36,28,30, ,2
2018/7/28,46,46,24,25, ,1
2018/7/29,40,35,20,25, ,2
2018/7/3,56,47,41,55, ,4
2018/7/30,41,32,28,30, ,2
2018/7/31,39,51,39,47, ,3
2018/7/4,54,50,44,48,1,4
2018/7/5,60,58,50,59,1,4
2018/7/6,64,68,67,60,1,3
2018/7/7,71,59,65,59,1,3
2018/7/8,73,67,33,41,1,3
2018/7/9,52,53,29,32,2,3
2018/8/1,52,65,54,52,1,3
2018/8/10,41,32,33,31, ,1
2018/8/11,36,30,36,38, ,2
2018/8/12,42,29,21,24,3,4
2018/8/13,34,26,28,27, ,2
2018/8/14,29,29,31,28, ,2
2018/8/15,34,41,41,44,1,3
2018/8/16,57,32,28,23, ,2
2018/8/17,40,36,31,28, ,2
2018/8/18,53,35,29,30, ,2
2018/8/19,58,34,18,26,1,2
2018/8/2,57,64,85,69,1,3
2018/8/20,46,46,22,32, ,3
2018/8/21,50,50,34,36, ,3
2018/8/22,59,37,26,27, ,2
2018/8/23,53,34,23,26, ,2
2018/8/24,45,25,26,25, ,1
2018/8/25,33,36,30,33, ,2
2018/8/26,48,34,27,26,1,2
2018/8/27,43,59,42,50,1,4
2018/8/28,70,36,25,42,1,4
2018/8/29,69,44,20,41,1,5
2018/8/3,69,52,55,50,1,2
2018/8/30,59,40,32,42, ,3
2018/8/31,61,34,39,39, ,3
2018/8/4,54,51,41,35, ,2
2018/8/5,51,57,62,59,1,4
2018/8/6,56,61,64,62,1,3
2018/8/7,67,36,31,27, ,2
2018/8/8,47,33,23,32, ,2
2018/8/9,45,36,27,28, ,2
2018/9/1,59,34,42,21,1,2
2018/9/10,53,51,37,57,1,6
2018/9/11,64,53,33,45,1,5
2018/9/12,64,41,13,26, ,3
2018/9/13,68,31,32,40,1,3
2018/9/14,52,48,32,45,1,3
2018/9/15,55,77,35,56,1,5
2018/9/16,65,66,35,68,1,7
2018/9/17,77,43,19,44,1,4
2018/9/18,62,43,27,38,1,4
2018/9/19,59,42,25,39, ,3
2018/9/2,65,44,40,25,1,2
2018/9/20,58,31,24,30, ,2
2018/9/21,43,28,24,32, ,1
2018/9/22,42,14,21,16, ,1
2018/9/23,37,28,24,37,1,3
2018/9/24,47,35,25,36,1,2
2018/9/25,55,44,17,52,2,5
2018/9/26,61,63,16,71,2,9
2018/9/27,85,56,19,49,2,6
2018/9/28,80,50,24,37,1,2
2018/9/29,55,46,29,37,1,2
2018/9/3,64,36,29,19, ,3
2018/9/30,56,39,23,32,1,2
2018/9/4,64,43,40,18, ,3
2018/9/5,80,32,31,14, ,2
2018/9/6,59,31,28,23, ,3
2018/9/7,49,43,32,47,1,3
2018/9/8,60,65,37,56,1,5
2018/9/9,84,43,27,41,1,4
2019/1/1,61,34,21,36, , 
2019/1/10,56,39,14,43,1, 
2019/1/11,76,28,20,35, , 
2019/1/12,63,21,24,25, , 
2019/1/13,42,36,22,34, , 
2019/1/14,50,43,22,45, , 
2019/1/15,58,40,19,39, , 
2019/1/16,65,29,19,36, , 
2019/1/17,47,51,8,52, , 
2019/1/18,83,32,9,35, , 
2019/1/19,73,35,12,33, , 
2019/1/2,51,36,16,40, , 
2019/1/20,86,61,3,40,1, 
2019/1/21,137,43,9,32, , 
2019/1/22,106,26,15,43, , 
2019/1/23,67,53,8,45, , 
2019/1/24,119,42,4,42, , 
2019/1/25,96,15,24,37, , 
2019/1/26,46,12,26,27, , 
2019/1/27,37,28,22,34, , 
2019/1/28,50,31,14,42, , 
2019/1/29,64,21,19,41, , 
2019/1/3,57,40,16,41, , 
2019/1/30,54,25,13,41, , 
2019/1/31,63,34,15,51, , 
2019/1/4,73,37,17,32, , 
2019/1/5,77,41,13,41, , 
2019/1/6,86,39,14,39, , 
2019/1/7,74,33,18,36, , 
2019/1/8,50,27,18,32, , 
2019/1/9,45,43,17,44,1, 
2019/10/1,41,21,22,23, , 
2019/10/10,44,32,23,33, , 
2019/10/11,56,35,18,36, , 
2019/10/12,63,28,25,25, , 
2019/10/13,53,34,29,33,1, 
2019/10/14,44,9,26,8, , 
2019/10/15,35,6,19,4, , 
2019/10/16,28,19,22,25, , 
2019/10/17,44,25,27,30, , 
2019/10/18,43,31,24,38, , 
2019/10/19,52,22,17,34, , 
2019/10/2,37,41,16,42, , 
2019/10/20,59,24,22,34, , 
2019/10/21,49,41,8,37, , 
2019/10/22,80,36,7,26, , 
2019/10/23,69,32,20,28, , 
2019/10/24,63,17,12,18, , 
2019/10/25,49,25,16,31, , 
2019/10/26,55,22,17,30, , 
2019/10/27,55,30,14,30, , 
2019/10/28,55,34,11,28, , 
2019/10/29,56,37,7,25, , 
2019/10/3,63,33,21,29, , 
2019/10/30,77,39,2,22, , 
2019/10/31,80,21,16,26, , 
2019/10/4,49,24,18,32, , 
2019/10/5,48,19,26,25, , 
2019/10/6,43,26,23,24, , 
2019/10/7,40,16,20,25, , 
2019/10/8,38,31,22,23, , 
2019/10/9,44,31,20,26, , 
2019/11/1,57,17,25,19, , 
2019/11/10,68,19,20,28, , 
2019/11/11,52,22,19,39, , 
2019/11/12,50,29,16,32, , 
2019/11/13,51,25,19,38, , 
2019/11/14,51,24,7,35, , 
2019/11/15,63,20,11,27, , 
2019/11/16,59,29,10,32, , 
2019/11/17,71,29,7,30, , 
2019/11/18,66,36,16,39,1, 
2019/11/19,72,31,10,33, , 
2019/11/2,37,14,21,29, , 
2019/11/20,69,32,8,32, , 
2019/11/21,71,24,16,33, , 
2019/11/22,49,20,15,24, , 
2019/11/23,48,27,19,29, , 
2019/11/24,62,24,22,24, , 
2019/11/25,46,19,25,26, , 
2019/11/26,37,12,29,19, , 
2019/11/27,27,22,27,26, , 
2019/11/28,38,25,24,28, , 
2019/11/29,45,32,24,33, , 
2019/11/3,41,22,21,28, , 
2019/11/30,58,25,16,24, , 
2019/11/4,38,19,22,19, , 
2019/11/5,49,13,12,12, , 
2019/11/6,58,9,21,7, , 
2019/11/7,40,19,9,23, , 
2019/11/8,53,32,15,30, , 
2019/11/9,70,25,8,31, , 
2019/12/1,61,36,5,31, , 
2019/12/10,66,26,19,33, , 
2019/12/11,45,17,21,33, , 
2019/12/12,44,22,26,26, , 
2019/12/13,36,23,31,27, , 
2019/12/14,43,20,29,29, , 
2019/12/15,44,23,18,39, , 
2019/12/16,60,28,15,37, , 
2019/12/17,58,32,17,31, , 
2019/12/18,61,37,7,36, , 
2019/12/19,66,20,24,32, , 
2019/12/2,74,38,2,34, , 
2019/12/20,41,22,25,31, , 
2019/12/21,50,17,27,24, , 
2019/12/22,36,22,25,24, , 
2019/12/23,37,23,24,26, , 
2019/12/24,45,20,26,24, , 
2019/12/25,47,26,21,34, , 
2019/12/26,56,18,24,24, , 
2019/12/27,43,24,14,31, , 
2019/12/28,61,40,5,30, , 
2019/12/29,92, , , , , 
2019/12/3,82,40,2,36, , 
2019/12/31, ,36,2,24, , 
2019/12/4,96,42,2,29, , 
2019/12/5,107,29,13,30, , 
2019/12/6,77,23,15,32, , 
2019/12/7,48,18,26,22, , 
2019/12/8,39,19,28,25, , 
2019/12/9,34,41,15,36, , 
2019/2/1,66,34,15,35, , 
2019/2/10,35,41,27,42, , 
2019/2/11,54,54,14,55,1, 
2019/2/12,95,53,9,40, , 
2019/2/13,100,61,6,44, , 
2019/2/14,96,74,6,62,1, 
2019/2/15,113,71,12,63,1, 
2019/2/16,135,55,23,52, , 
2019/2/17,114,70,23,50, , 
2019/2/18,93,63,21,42, , 
2019/2/19,66,67,19,54, , 
2019/2/2,73,35,15,33, , 
2019/2/20,112,75,5,61,1, 
2019/2/21,133,78,12,63,1, 
2019/2/22,143,46,20,38, , 
2019/2/23,83,42,19,41, , 
2019/2/24,75,68,17,49,1, 
2019/2/25,85,80,15,54,1, 
2019/2/26,93,82,12,62,1, 
2019/2/27,129,54,28,48, , 
2019/2/28,89,33,30,38, , 
2019/2/3,67,40,14,39, , 
2019/2/4,77,39,14,40, , 
2019/2/5,69,36,14,35, , 
2019/2/6,70,24,24,41, , 
2019/2/7,53,25,26,29, , 
2019/2/8,41,31,28,27, , 
2019/2/9,48,31,46,27, , 
2019/3/1,59,32,26,38, , 
2019/3/10,40,34,31,34, , 
2019/3/11,44,34,31,35, , 
2019/3/12,51,33,30,30, , 
2019/3/13,42,20,27,31, , 
2019/3/14,37,24,24,29, , 
2019/3/15,40,25,34,27, , 
2019/3/16,41,19,33,30, , 
2019/3/17,41,29,26,40, , 
2019/3/18,49,46,29,51, , 
2019/3/19,68,53,24,52, , 
2019/3/2,55,26,28,20, , 
2019/3/20,89,53,29,49, , 
2019/3/21,90,58,20,48, , 
2019/3/22,107,53,26,39, , 
2019/3/23,111,51,22,32, , 
2019/3/24,105,41,31,37, , 
2019/3/25,57,42,33,38, , 
2019/3/26,53,54,30,40, , 
2019/3/27,78,53,27,39, , 
2019/3/28,108,64,27,46, , 
2019/3/29,87,54,38,60, , 
2019/3/3,42,25,35,26, , 
2019/3/30,88,71,40,58, , 
2019/3/31,99,61,40,46, , 
2019/3/4,37,31,26,38, , 
2019/3/5,44,29,17,42, , 
2019/3/6,54,19,30,34, , 
2019/3/7,33,20,30,37, , 
2019/3/8,34,22,26,34, , 
2019/3/9,44,26,36,23, , 
2019/4/1,98,40,35,41, , 
2019/4/10,113,46,30,37, , 
2019/4/11,80,46,29,37, , 
2019/4/12,92,41,33,42, , 
2019/4/13,75,32,34,26, , 
2019/4/14,83,65,37,36, , 
2019/4/15,86,36,26,37, , 
2019/4/16,74,64,32,39, , 
2019/4/17,64,70,44,50, , 
2019/4/18,61,92,47,63, , 
2019/4/19,71,53,52,59, , 
2019/4/2,70,23,34,36, , 
2019/4/20,68,110,51,63, , 
2019/4/21,74,68,46,53, , 
2019/4/22,75,47,25,48, , 
2019/4/23,74,66,35,30, , 
2019/4/24,60,40,30,37, , 
2019/4/25,42,39,30,36, , 
2019/4/26,50,56,33,27, , 
2019/4/27,38,26,29,29, , 
2019/4/28,42,52,28,44, , 
2019/4/29,64,59,30,39, , 
2019/4/3,36,27,35,41, , 
2019/4/30,98,50,37,34, , 
2019/4/4,51,31,33,41, , 
2019/4/5,52,36,35,44, , 
2019/4/6,73,27,35,46, , 
2019/4/7,44,50,29,51, , 
2019/4/8,70,34,28,45, , 
2019/4/9,70,42,23,31, , 
2019/5/1,108,49,29,35, , 
2019/5/10,54,28,32,33, , 
2019/5/11,61,34,35,36, , 
2019/5/12,56,37,36,20, , 
2019/5/13,52,32,37,27, , 
2019/5/14,54,26,39,32, , 
2019/5/15,56,38,39,40, , 
2019/5/16,55,52,30,46, , 
2019/5/17,74,32,33,34, , 
2019/5/18,60,35,27,29, , 
2019/5/19,92,32,33,24, , 
2019/5/2,87,41,26,41, , 
2019/5/20,61,36,29,40, , 
2019/5/21,71,44,41,50, , 
2019/5/22,68,51,49,57, , 
2019/5/23,68,41,42,45, , 
2019/5/24,63,37,32,37, , 
2019/5/25,64,30,24,26, , 
2019/5/26,56,32,32,25, , 
2019/5/27,41,30,25,27, , 
2019/5/28,44,33,30,36, , 
2019/5/29,59,25,19,21, , 
2019/5/3,59,31,24,37, , 
2019/5/30,36,50,41,36, , 
2019/5/31,58,43,41,41, , 
2019/5/4,49,30,33,32, , 
2019/5/5,47,42,31,45, , 
2019/5/6,63,44,36,47, , 
2019/5/7,61,23,27,27, , 
2019/5/8,45,27,28,37, , 
2019/5/9,45,36,29,43, , 
2019/6/1,64,45,45,45, , 
2019/6/10,44,30,27,40, , 
2019/6/11,48,24,24,33, , 
2019/6/12,39,28,29,34, , 
2019/6/13,39,31,38,43, , 
2019/6/14,56,25,33,30, , 
2019/6/15,48,21,25,22, , 
2019/6/16,44,36,32,38, , 
2019/6/17,57,54,40,43, , 
2019/6/18,61,52,36,39, , 
2019/6/19,59,28,29,33, , 
2019/6/2,58,32,29,34, , 
2019/6/20,50,21,31,38, , 
2019/6/21,54,23,41,38, , 
2019/6/22,54,28,40,39, , 
2019/6/23,65,35,43,45, , 
2019/6/24,66,37,52,50, , 
2019/6/25,69,47,50,46, , 
2019/6/26,84,52,47,41, , 
2019/6/27,74,42,57,51, , 
2019/6/28,58,37,61,52, , 
2019/6/29,62,31,38,29, , 
2019/6/3,49,33,34,37, , 
2019/6/30,59,25,33,25, , 
2019/6/4,58,15,27,32, , 
2019/6/5,43,19,30,24, , 
2019/6/6,40,34,34,24, , 
2019/6/7,34,31,27,19, , 
2019/6/8,40,35,33,33, , 
2019/6/9,56,23,30,24, , 
2019/7/1,44,39,38,35, , 
2019/7/10,102,54,42,56, , 
2019/7/11,69,47,32,31, , 
2019/7/12,47,34,31,25, , 
2019/7/13,53,61,27,27, , 
2019/7/14,53,24,34,33, , 
2019/7/15,54,33,41,41, , 
2019/7/16,63,35,44,43, , 
2019/7/17,63,28,30,32, , 
2019/7/18,50,19,29,22, , 
2019/7/19,43,27,18,23, , 
2019/7/2,70,43,39,34, , 
2019/7/20,48,30,26,15, , 
2019/7/21,47,50,53,33, , 
2019/7/22,59,64,47,45, , 
2019/7/23,66,53,68,55, , 
2019/7/24,70,76,55,69, , 
2019/7/25,88,46,33,25, , 
2019/7/26,62,23,27,20, , 
2019/7/27,40,34,28,23, , 
2019/7/28,48,56,38,40, , 
2019/7/29,56,44,25,29, , 
2019/7/3,51,47,42,36, , 
2019/7/30,49,27,23,27, , 
2019/7/31,41,39,35,41, , 
2019/7/4,48,46,45,50, , 
2019/7/5,56,35,62,43, , 
2019/7/6,62,26,36,35, , 
2019/7/7,59,29,35,33, , 
2019/7/8,53,37,34,34, , 
2019/7/9,52,50,45,51, , 
2019/8/1,51,42,37,33, , 
2019/8/10,44,29,24,22, , 
2019/8/11,47,25,24,26, , 
2019/8/12,41,27,23,20, , 
2019/8/13,38,27,24,25, , 
2019/8/14,46,23,20,14, , 
2019/8/15,31,30,24,25, , 
2019/8/16,43,17,16,21, , 
2019/8/17,43,14,23,22, , 
2019/8/18,36,23,25,43, , 
2019/8/19,41,9,33,8, , 
2019/8/2,49,49,35,37, , 
2019/8/20,42,12,37,9, , 
2019/8/21,52,14,45,14, , 
2019/8/22,57,16,51,11, , 
2019/8/23,59,16,50,16, , 
2019/8/24,62,27,61,29, , 
2019/8/25,77,48,62,65, , 
2019/8/26,75,52,61,59, , 
2019/8/27,72,27,42,36, , 
2019/8/28,64,18,30,27, , 
2019/8/29,46,36,35,41, , 
2019/8/3,61,35,46,40, , 
2019/8/30,52,47,43,43, , 
2019/8/31,55,29,28,25, , 
2019/8/4,61,37,26,30, , 
2019/8/5,47,21,17,27, , 
2019/8/6,47,23,26,28, , 
2019/8/7,42,29,31,35, , 
2019/8/8,53,25,20,29, , 
2019/8/9,55,27,28,17, , 
2019/9/1,34,41,32,37, , 
2019/9/10,50,39,27,38, , 
2019/9/11,48,32,13,25, , 
2019/9/12,41,34,15,28, , 
2019/9/13,52,39,28,29, , 
2019/9/14,53,53,42,45, , 
2019/9/15,65,37,29,34, , 
2019/9/16,59,21,28,14, , 
2019/9/17,47,21,26,9, , 
2019/9/18,34,18,26,11, , 
2019/9/19,34,20,31,11, , 
2019/9/2,46,39,32,37, , 
2019/9/20,32,21,33,16, , 
2019/9/21,45,14,21,12, , 
2019/9/22,36,21,25,20, , 
2019/9/23,35,17,18,26, , 
2019/9/24,44,22,19,27, , 
2019/9/25,45,16,25,24, , 
2019/9/26,41,24,22,21, , 
2019/9/27,38,17,25,15, , 
2019/9/28,39,13,26,14, , 
2019/9/29,33,20,24,19,4, 
2019/9/3,42,21,28,15, , 
2019/9/30,37,21,21,27,1, 
2019/9/4,46,14,24,8, , 
2019/9/5,38,26,32,23, , 
2019/9/6,43,37,21,24, , 
2019/9/7,36,38,30,24, , 
2019/9/8,41,43,29,40, , 
2019/9/9,55,48,34,39, , 
2020/1/1,92,24,12,28, , 
2020/1/10,35,32,21,36, , 
2020/1/11,62,26,17,27, , 
2020/1/12,60,21,18,29, , 
2020/1/13,45,19,22,19, , 
2020/1/14,37,24,20,30, , 
2020/1/15,52,35,12,37, , 
2020/1/16,64,27,23,29, , 
2020/1/17,42,27,20,29, , 
2020/1/18,52,30,18,29, , 
2020/1/19,55,40,11,33, , 
2020/1/2,62,22,19,25, , 
2020/1/20,65,46,4,34, , 
2020/1/21,84,49,3,32, , 
2020/1/22,101,40,7,31, , 
2020/1/23,86,59,2,33,1, 
2020/1/24,128,68,2,39,1, 
2020/1/25,145,51,11,32, , 
2020/1/26,124,13,25,25, , 
2020/1/27,46,13,28,28, , 
2020/1/28,30,33,26,32, , 
2020/1/29,38,22,18,32, , 
2020/1/3,43,25,16,26, , 
2020/1/30,39,22,18,30, , 
2020/1/31,28,18,23,28, , 
2020/1/4,41,25,19,32, , 
2020/1/5,54,33,17,33, , 
2020/1/6,66,31,14,29, , 
2020/1/7,63,25,15,26, , 
2020/1/8,49,15,21,22, , 
2020/1/9,43,20,23,25, , 
2020/10/1,41,18,14,26,2, 
2020/10/10,44,16,20,24, , 
2020/10/11,37,30,18,33,2, 
2020/10/12,56,11,16,13, , 
2020/10/13,36,14,17,11, , 
2020/10/14,57,16,15,9, , 
2020/10/15,48,17,14,10, , 
2020/10/16,54,30,14,25, , 
2020/10/17,71,31,23,28, , 
2020/10/18,70,47,19,33,16, 
2020/10/19,72,32,16,30,2, 
2020/10/2,41,18,19,27, , 
2020/10/20,49,26,24,25, , 
2020/10/21,44,38,17,33, , 
2020/10/22,51,28,21,32, , 
2020/10/23,39,16,21,19, , 
2020/10/24,37,13,21,22, , 
2020/10/25,38,21,21,24, , 
2020/10/26,38,24,22,22, , 
2020/10/27,30,23,23,24, , 
2020/10/28,40,26,22,29, , 
2020/10/29,30,26,21,28, , 
2020/10/3,53,14,20,18, , 
2020/10/30,47,22,21,24, , 
2020/10/31,53,9,24,12, , 
2020/10/4,50,7,23,22, , 
2020/10/5,49,17,24,19, , 
2020/10/6,52,18,23,24, , 
2020/10/7,57,21,19,21, , 
2020/10/8,44,17,22,21, , 
2020/10/9,41,21,24,28, , 
2020/11/1,18,11,27,9, , 
2020/11/10,56,20,10,21, , 
2020/11/11,55,25,22,30, , 
2020/11/12,53,30,14,27, , 
2020/11/13,60,22,23,17, , 
2020/11/14,51,18,28,11, , 
2020/11/15,39,29,26,25, , 
2020/11/16,35,30,19,29, , 
2020/11/17,47,35,14,26, , 
2020/11/18,58,23,25,16, , 
2020/11/19,37,38,15,34, , 
2020/11/2,30,21,24,19, , 
2020/11/20,65,32,19,27, , 
2020/11/21,65,35,14,29, , 
2020/11/22,82,42,13,35, , 
2020/11/23,83,41,4,32, , 
2020/11/24,73,46,6,37, , 
2020/11/25,87,59,3,43, , 
2020/11/26,109,56,2,35, , 
2020/11/27,110,49,4,32, , 
2020/11/28,102,34,9,29, , 
2020/11/29,80,42,7,24, , 
2020/11/3,41,32,19,27, , 
2020/11/30,93,32,15,26, , 
2020/11/4,60,29,16,32, , 
2020/11/5,68,34,11,26, , 
2020/11/6,69,38,9,27, , 
2020/11/7,74,28,12,21, , 
2020/11/8,55,38,8,29, , 
2020/11/9,63,26,13,33, , 
2020/12/1,50,35,15,28, , 
2020/12/10,49,9,18,9, , 
2020/12/11,43,18,18,13, , 
2020/12/12,49,12,16,5,1, 
2020/12/13,38,10,13,9, , 
2020/12/14,37,23,15,27, , 
2020/12/15,44,25,9,28, , 
2020/12/16,50,30,12,33, , 
2020/12/17,55,28,8,32, , 
2020/12/18,55,24,15,29, , 
2020/12/19,59,25,18,25, , 
2020/12/2,52,22,19,25, , 
2020/12/20,46,15,17,21, , 
2020/12/21,41,14,19,21, , 
2020/12/22,26,18,24,22, , 
2020/12/23,43,17,24,24, , 
2020/12/24,43,18,22,25, , 
2020/12/25,44,24,19,23, , 
2020/12/26,55,9,24,15, , 
2020/12/27,34,13,20,25, , 
2020/12/28,39,14,14,22, , 
2020/12/29,31,20,18,25, , 
2020/12/3,42,19,24,28, , 
2020/12/30,51,24,19,32, , 
2020/12/31,61,39,10,31, , 
2020/12/4,41,14,17,21, , 
2020/12/5,44,23,13,25, , 
2020/12/6,53,36,2,25, , 
2020/12/7,84,27,3,19, , 
2020/12/8,69,31,8,17, , 
2020/12/9,73,15,9,10, , 
2020/2/1,36,15,22,27, , 
2020/2/10,48,21,28,30, , 
2020/2/11,34,34,23,38, , 
2020/2/12,48,28,26,32, , 
2020/2/13,46,41,24,39, , 
2020/2/14,57,35,23,30, , 
2020/2/15,61,20,28,14, , 
2020/2/16,40,20,26,32, , 
2020/2/17,34,27,24,30, , 
2020/2/18,40,27,25,35, , 
2020/2/19,45,25,22,29, , 
2020/2/2,33,27,27,33, , 
2020/2/20,43,32,22,30, , 
2020/2/21,45,28,22,26, , 
2020/2/22,49,14,21,19, , 
2020/2/23,31,17,19,23, , 
2020/2/24,27,20,26,33, , 
2020/2/25,34,22,26,34, , 
2020/2/26,36,22,20,32, , 
2020/2/27,42,36,17,39, , 
2020/2/28,58,37,29,26, , 
2020/2/29,53,16,28,28, , 
2020/2/3,40,26,25,28, , 
2020/2/4,45,40,19,38, , 
2020/2/5,57,44,12,40, , 
2020/2/6,67,45,8,42, , 
2020/2/7,72,37,15,37, , 
2020/2/8,70,20,25,15, , 
2020/2/9,37,28,29,22, , 
2020/3/1,41,17,22,34, , 
2020/3/10,28,22,27,23, , 
2020/3/11,28,27,28,32, , 
2020/3/12,39,30,27,24, , 
2020/3/13,41,24,21,26, , 
2020/3/14,49,26,28,27, , 
2020/3/15,54,27,18,35, , 
2020/3/16,62,39,16,33, , 
2020/3/17,80,45,29,31, , 
2020/3/18,98,34,31,25, , 
2020/3/19,76,42,17,15, , 
2020/3/2,43,42,26,47, , 
2020/3/20,98,14,22,10, , 
2020/3/21,40,14,32,10, , 
2020/3/22,44,18,31,17, , 
2020/3/23,43,20,34,24, , 
2020/3/24,47,28,35,23, , 
2020/3/25,64,29,36,25, , 
2020/3/26,65,43,33,26, , 
2020/3/27,86,57,36,15, , 
2020/3/28,129,21,30,6, , 
2020/3/29,31, , , , , 
2020/3/3,53,28,18,35, , 
2020/3/31, ,29,36,16, , 
2020/3/4,45,16,21,30, , 
2020/3/5,39,27,27,38, , 
2020/3/6,51,32,26,41, , 
2020/3/7,56,19,9,27, , 
2020/3/8,40,25,26,33, , 
2020/3/9,42,16,25,25, , 
2020/4/1,64,25,31,16, , 
2020/4/10,75,31,51,34, , 
2020/4/11,64,28,47,25, , 
2020/4/12,63,30,32,13, , 
2020/4/13,67,27,36,17, , 
2020/4/14,42,28,40,25, , 
2020/4/15,48,31,40,32, , 
2020/4/16,53,36,40,32, , 
2020/4/17,59,14,34,13, , 
2020/4/18,22,29,41,12, , 
2020/4/19,67,39,39,27, , 
2020/4/2,60,26,28,26, , 
2020/4/20,78,30,40,26, , 
2020/4/21,48,32,45,23, , 
2020/4/22,54,38,54,34, , 
2020/4/23,70,39,55,40, , 
2020/4/24,66,25,40,17, , 
2020/4/25,57,27,44,15, , 
2020/4/26,57,24,38,23, , 
2020/4/27,45,16,36,17, , 
2020/4/28,30,18,33,19, , 
2020/4/29,32,16,31,16, , 
2020/4/3,52,25,37,12, , 
2020/4/30,26,15,32,8, , 
2020/4/4,58,18,39,10, , 
2020/4/5,45,22,32,14, , 
2020/4/6,51,28,40,23, , 
2020/4/7,64,34,49,39, , 
2020/4/8,68,31,49,42,1, 
2020/4/9,77,33,53,36, , 
2020/5/1,24,19,37,14, , 
2020/5/10,42,37,31,15, , 
2020/5/11,51,32,30,29, , 
2020/5/12,43,27,38,32, , 
2020/5/13,65,28,35,28, , 
2020/5/14,49,35,37,33,1, 
2020/5/15,53,32,41,34, , 
2020/5/16,55,18,43,14, , 
2020/5/17,38,20,38,11, , 
2020/5/18,33,19,32,10, , 
2020/5/19,30,16,34,12, , 
2020/5/2,34,14,27,14, , 
2020/5/20,24,22,53,16, , 
2020/5/21,41,22,31,19, , 
2020/5/22,39,30,30,24, , 
2020/5/23,45,24,32,18, , 
2020/5/24,43,34,34,31, , 
2020/5/25,58,46,40,37, , 
2020/5/26,59,39,46,42, , 
2020/5/27,71,27,39,29, , 
2020/5/28,46,32,41,35, , 
2020/5/29,47,42,42,42, , 
2020/5/3,35,15,28,13, , 
2020/5/30,59,26,35,24, , 
2020/5/31,39,28,40,29, , 
2020/5/4,48,31,24,21, , 
2020/5/5,66,28,44,34, , 
2020/5/6,52,34,48,44, , 
2020/5/7,54,32,55,40, , 
2020/5/8,61,25,38,32, , 
2020/5/9,55,18,32,15, , 
2020/6/1,51,46,51,45, , 
2020/6/10,54,29,25,27, , 
2020/6/11,57,15,27,18, , 
2020/6/12,50,17,30,17, , 
2020/6/13,43,20,29,9, , 
2020/6/14,44,24,28,10, , 
2020/6/15,40,26,28,26, , 
2020/6/16,44,26,26,32, , 
2020/6/17,46,26,27,31, , 
2020/6/18,48,23,25,25, , 
2020/6/19,46,14,32,25, , 
2020/6/2,76,41,58,34, , 
2020/6/20,47,22,20,18, , 
2020/6/21,49,31,34,22, , 
2020/6/22,54,32,48,39, , 
2020/6/23,63,31,53,44, , 
2020/6/24,60,32,60,47, , 
2020/6/25,61,41,39,38, , 
2020/6/26,64,23,28,20, , 
2020/6/27,46,18,27,18, , 
2020/6/28,33,23,28,24, , 
2020/6/29,37,26,22,23, , 
2020/6/3,65,26,40,32,2, 
2020/6/30,37,21,15,17, , 
2020/6/4,54,20,26,23, , 
2020/6/5,35,15,24,21, , 
2020/6/6,27,17,22,23, , 
2020/6/7,37,27,23,30, , 
2020/6/8,47,26,30,29, , 
2020/6/9,43,28,36,20,1, 
2020/7/1,36,17,23,23, , 
2020/7/10,34,30,32,33, , 
2020/7/11,42,23,37,22, , 
2020/7/12,42,24,44,24, , 
2020/7/13,46,23,33,21, , 
2020/7/14,39,24,25,27, , 
2020/7/15,40,23,20,23, , 
2020/7/16,39,29,27,33, , 
2020/7/17,43,30,35,27,1, 
2020/7/18,52,26,35,27,1, 
2020/7/19,39,36,32,28, , 
2020/7/2,33,22,25,29, , 
2020/7/20,44,36,35,34, , 
2020/7/21,43,37,35,34,1, 
2020/7/22,50,43,43,47,1, 
2020/7/23,58,30,31,31, , 
2020/7/24,44,25,24,21,1, 
2020/7/25,39,11,23,7, , 
2020/7/26,42,25,34,16,1, 
2020/7/27,49,19,28,13, , 
2020/7/28,45,23,35,27, , 
2020/7/29,40,38,43,49,1, 
2020/7/3,38,26,20,20, , 
2020/7/30,58,50,54,48, , 
2020/7/31,68,23,31,24, , 
2020/7/4,40,11,14,10, , 
2020/7/5,22,27,26,22, , 
2020/7/6,41,34,35,32, , 
2020/7/7,42,28,25,27, , 
2020/7/8,38,35,25,27, , 
2020/7/9,37,25,29,21, , 
2020/8/1,53,13,30,18,1, 
2020/8/10,55,49,63,57, , 
2020/8/11,73,36,54,47, , 
2020/8/12,60,32,38,32, , 
2020/8/13,48,21,32,22, , 
2020/8/14,48,20,40,29,1, 
2020/8/15,44,22,39,33, , 
2020/8/16,52,24,26,29,1, 
2020/8/17,41,22,28,32, , 
2020/8/18,35,24,24,30, , 
2020/8/19,32,24,40,31, , 
2020/8/2,41,17,28,26, , 
2020/8/20,35,27,30,27, , 
2020/8/21,41,24,29,21, , 
2020/8/22,32,18,26,21, , 
2020/8/23,26,34,25,35, , 
2020/8/24,36,30,27,25, , 
2020/8/25,42,27,25,21, , 
2020/8/26,36,36,26,32, , 
2020/8/27,49,20,20,22, , 
2020/8/28,30,17,22,21, , 
2020/8/29,30,16,25,21, , 
2020/8/3,44,22,41,29, , 
2020/8/30,30,25,27,32, , 
2020/8/31,36,29,30,39, , 
2020/8/4,50,26,44,38, , 
2020/8/5,58,36,64,48,1, 
2020/8/6,60,40,59,56, , 
2020/8/7,61,44,71,60, , 
2020/8/8,65,41,61,42, , 
2020/8/9,70,30,64,46,1, 
2020/9/1,51,32,36,34, , 
2020/9/10,45,37,29,36,2, 
2020/9/11,51,36,34,38, , 
2020/9/12,52,40,41,48, , 
2020/9/13,63,52,42,62, , 
2020/9/14,87,68,63,70,1, 
2020/9/15,90,51,56,42,1, 
2020/9/16,79,41,30,33,2, 
2020/9/17,59,40,39,43,1, 
2020/9/18,62,45,36,42, , 
2020/9/19,68,29,39,37, , 
2020/9/2,50,37,33,46, , 
2020/9/20,65,43,46,53,1, 
2020/9/21,64,46,41,54, , 
2020/9/22,66,25,23,27, , 
2020/9/23,46,17,21,19, , 
2020/9/24,29,14,22,15, , 
2020/9/25,25,20,24,17, , 
2020/9/26,32,12,21,9, , 
2020/9/27,34,17,15,17, , 
2020/9/28,35,23,14,23, , 
2020/9/29,52,24,24,27, , 
2020/9/3,52,32,37,32,1, 
2020/9/30,58,23,21,27,9, 
2020/9/4,46,22,27,25, , 
2020/9/5,37,19,24,19, , 
2020/9/6,44,26,26,25, , 
2020/9/7,44,33,25,32, , 
2020/9/8,53,32,28,26,1, 
2020/9/9,47,36,21,27,2, 
2021/1/1,94,50,2,35,1, 
2021/1/10,85,46,13,34, , 
2021/1/11,91,18,18,26,3, 
2021/1/12,47,18,25,33, , 
2021/1/13,49,14,25,24, , 
2021/1/14,33,44,13,25, , 
2021/1/15,70,29,8,25, , 
2021/1/16,72,24,20,33, , 
2021/1/17,57,36,19,35, , 
2021/1/18,57,22,22,23, , 
2021/1/19,43,26,27,24, , 
2021/1/2,125,44,3,26, , 
2021/1/20,43,19,30,23, , 
2021/1/21,30,19,26,34, , 
2021/1/22,43,9,20,23, , 
2021/1/23,48,19,26,28, , 
2021/1/24,59,17,25,32, , 
2021/1/25,41,30,17,32, , 
2021/1/26,58,26,17,30, , 
2021/1/27,62,9,20,22, , 
2021/1/28,40,22,26,21, , 
2021/1/29,43,26,21,33, , 
2021/1/3,109,34,5,22, , 
2021/1/30,44,17,15,22, , 
2021/1/31,54,10,21,30, , 
2021/1/4,76,35,1,23, , 
2021/1/5,86,39, ,24, , 
2021/1/6,90,38,8,30, , 
2021/1/7,77,40,8,36, , 
2021/1/8,68,42,5,32, , 
2021/1/9,90,40,10,32, , 
2021/10/1,47,20,21,25, , 
2021/10/10,78,31,21,22, , 
2021/10/11,55,31,16,23, , 
2021/10/12,36,30,24,31, , 
2021/10/13,44,47,20,38, , 
2021/10/14,81,47,18,39, , 
2021/10/15,81,29,15,35, , 
2021/10/16,60,43,25,34, , 
2021/10/17,64,35,9,30, , 
2021/10/18,64,29,21,35, , 
2021/10/19,50,26,31,24, , 
2021/10/2,41,17,27,20, , 
2021/10/20,45,31,32,19, , 
2021/10/21,30,31,18,28, , 
2021/10/22,45,30,17,32, , 
2021/10/23,54,32,18,29, , 
2021/10/24,61,36,12,30, , 
2021/10/25,64,24,20,25, , 
2021/10/26,45,36,13,31, , 
2021/10/27,61,35,18,34, , 
2021/10/28,58,29,17,35, , 
2021/10/29,57,20, ,31, , 
2021/10/3,39,26,25,30, , 
2021/10/30,48,19,19,24, , 
2021/10/31,42,17,25,20, , 
2021/10/4,42,19,28,23, , 
2021/10/5,26,21,26,16, , 
2021/10/6,25,34,19,33, , 
2021/10/7,53,26,21,28, , 
2021/10/8,50,34,9,33, , 
2021/10/9,73,43,26,25, , 
2021/11/1,30,22,21,27, , 
2021/11/10,123,56,3,35, , 
2021/11/11,117,44,12,27, , 
2021/11/12,90,19,15,21, , 
2021/11/13,35,20,14,21, , 
2021/11/14,48,28,6,18, , 
2021/11/15,69,30,6,23, , 
2021/11/16,61,34,13,28, , 
2021/11/17,66,43,5,32, , 
2021/11/18,77,42,2,36, , 
2021/11/19,74,23,13,28, , 
2021/11/2,29,18,21,21, , 
2021/11/20,53,21,14,22, , 
2021/11/21,46,23,16,22, , 
2021/11/22,43,28,15,26, , 
2021/11/23,45,31,12,31, , 
2021/11/24,58,37,12,30, , 
2021/11/25,79,23,17,26, , 
2021/11/26,38,12,21,18, , 
2021/11/27,28,13,22,13, , 
2021/11/28,16, , , , , 
2021/11/29,45,21,17,27, , 
2021/11/3,44,16,16,21, , 
2021/11/30,44,15,22,25, , 
2021/11/4,30,20,21,19, , 
2021/11/5,30,31,11,31, , 
2021/11/6,73,24,21,20, , 
2021/11/7,45,34,21,27, , 
2021/11/8,57,49,14,39, , 
2021/11/9,93,55,2,37, , 
2021/12/1,27,20,20,21, , 
2021/12/10,28,28,14,30, , 
2021/12/11,56,24,12,31, , 
2021/12/12,64,24,12,32, , 
2021/12/13,55,37,5,34, , 
2021/12/14,72,38,13,36, , 
2021/12/15,67,45,2,37, , 
2021/12/16,84,35,12,30, , 
2021/12/17,77,31,7,26, , 
2021/12/18,69,21,11,22, , 
2021/12/19,56,25,17,25, , 
2021/12/2,35,26,12,33, , 
2021/12/20,59,41,12,35, , 
2021/12/21,74,40,7,22, , 
2021/12/22,89,47,6,20, , 
2021/12/23,92,27,9,17, , 
2021/12/24,65,20,11,30, , 
2021/12/25,73,14,14,27, , 
2021/12/26,54,21,22,28, , 
2021/12/27,47,21,27,20, , 
2021/12/28,37,18,22,25, , 
2021/12/29,38,16,17,17, , 
2021/12/3,50,13,25,26, , 
2021/12/30,36,23,12,27, , 
2021/12/31,51,28,6,24, , 
2021/12/4,28,11,24,22, , 
2021/12/5,33,16,18,20, , 
2021/12/6,36,21,23,27, , 
2021/12/7,43,20,26,26, , 
2021/12/8,36,29,19,32, , 
2021/12/9,50,14,22,21, , 
2021/2/1,46,17,22,26, , 
2021/2/10,84,40,21,30, , 
2021/2/11,98,37,23,34, , 
2021/2/12,64,25,25,30, , 
2021/2/13,59,22,23,19, , 
2021/2/14,64,33,12,26, , 
2021/2/15,61,21,24,20, , 
2021/2/16,50,29,22,31, , 
2021/2/17,53,29,23,35, , 
2021/2/18,49,30,16,36, , 
2021/2/19,55,36,26,28, , 
2021/2/2,45,17,27,25, , 
2021/2/20,55,16,26,13, , 
2021/2/21,39,44,17,27, , 
2021/2/22,68,35,21,12, , 
2021/2/23,63,54,20,18, , 
2021/2/24,77,54,28,18, , 
2021/2/25,78,17,26,12, , 
2021/2/26,48,20,27,23, , 
2021/2/27,56,25,24,20, , 
2021/2/28,76,36,22,29, , 
2021/2/3,34,29,19,28, , 
2021/2/4,47,39,21,36, , 
2021/2/5,66,20,17,32, , 
2021/2/6,57,15,18,12, , 
2021/2/7,56,41,15,20, , 
2021/2/8,96,39,11,22, , 
2021/2/9,98,33,17,21, , 
2021/3/1,65,59,10,43, , 
2021/3/10,98,17,30,12, , 
2021/3/11,29,23,28,17, , 
2021/3/12,35,12,31,11, , 
2021/3/13,35,15,29,7, , 
2021/3/14,34,20,29,16, , 
2021/3/15,36,25,20,19, , 
2021/3/16,59,24,27,16, , 
2021/3/17,42,19,22,22, , 
2021/3/18,38,22,26,23, , 
2021/3/19,48,29,28,19, , 
2021/3/2,122,66,25,40, , 
2021/3/20,69,26,31,14, , 
2021/3/21,63,27,31,20, , 
2021/3/22,48,43,24,35, , 
2021/3/23,87,47,34,34, , 
2021/3/24,97,33,26,28, , 
2021/3/25,69,30,34,26, , 
2021/3/26,51,18,30,11, , 
2021/3/27,35,29,35,23, , 
2021/3/28,55,41,12,38, , 
2021/3/29,69,49,37,38, , 
2021/3/3,108,25,21,14, , 
2021/3/30,70,63,41,47, , 
2021/3/31,90,69,40,47, , 
2021/3/4,65,15,24,7, , 
2021/3/5,57,17,25,10, , 
2021/3/6,64,24,23,11, , 
2021/3/7,80,36,28,16, , 
2021/3/8,91,33,25,17, , 
2021/3/9,83,44,30,29, , 
2021/4/1,106,49,28,18, , 
2021/4/10,47,15,29,13, , 
2021/4/11,42,20,32,19, , 
2021/4/12,43,26,24,20, , 
2021/4/13,67,33,33,28, , 
2021/4/14,64,34,34,24, , 
2021/4/15,71,44,19,26, , 
2021/4/16,68,28,33,17, , 
2021/4/17,73,33,36,18, , 
2021/4/18,65,42,39,26, , 
2021/4/19,71,45,42,35, , 
2021/4/2,70,40,33,19, , 
2021/4/20,76,53,41,29, , 
2021/4/21,110,55,34,23, , 
2021/4/22,65,50,42,25, , 
2021/4/23,56,42,42,23, , 
2021/4/24,58,61,37,13, , 
2021/4/25,56,42,39,21, , 
2021/4/26,51,48,42,30, , 
2021/4/27,70,49,41,35, , 
2021/4/28,71,40,39,20, , 
2021/4/29,76,34,36,25, , 
2021/4/3,60,45,33,13, , 
2021/4/30,62,27,33,18, , 
2021/4/4,69,28,29,13, , 
2021/4/5,59,21,28,19, , 
2021/4/6,39,19,33,15, , 
2021/4/7,37,34,32,31, , 
2021/4/8,53,45,30,35, , 
2021/4/9,78,19,25,23, , 
2021/5/1,67,30,38,17, , 
2021/5/10,44,28,32,23, , 
2021/5/11,45,30,30,30, , 
2021/5/12,54,19,31,19, , 
2021/5/13,41,15,31,22, , 
2021/5/14,32,16,28,19, , 
2021/5/15,35,19,31,15, , 
2021/5/16,40,17,28,12, , 
2021/5/17,23,21,29,19, , 
2021/5/18,37,23,31,20, , 
2021/5/19,32,25,29,25, , 
2021/5/2,63,33,42,27, , 
2021/5/20,37,32,31,18, , 
2021/5/21,41,19,31,14, , 
2021/5/22,34,29,33,17, , 
2021/5/23,36,17,33,16, , 
2021/5/24,35,17,29,11, , 
2021/5/25,36,16,28,16, , 
2021/5/26,15,14,37,11, , 
2021/5/27,49,19,39,17, , 
2021/5/28,61,40,39,21, , 
2021/5/29,43,41,42,13, , 
2021/5/3,60,38,31,16, , 
2021/5/30,36,40,46,17, , 
2021/5/31,32,34, ,40, , 
2021/5/4,33,26,30,15, , 
2021/5/5,35,19,28,29, , 
2021/5/6,43,19,26,17, , 
2021/5/7,46,25,25,29, , 
2021/5/8,53,34,38,26, , 
2021/5/9,52,24,33,23, , 
2021/6/1, ,31, ,35, , 
2021/6/10,36,17, ,20, , 
2021/6/11,36,15,24,8, , 
2021/6/12,29,28,36,4, , 
2021/6/13,29,30,49,17, , 
2021/6/14,36,27, ,21, , 
2021/6/15,57,36,55,41, , 
2021/6/16,79,29,45,32, , 
2021/6/17,51,30,34,23, , 
2021/6/18,53,24,27,27, , 
2021/6/19,59,17,34,17, , 
2021/6/2, ,42,40,36, , 
2021/6/20,41,19,34,19, , 
2021/6/21,24,22,17,24, , 
2021/6/22,41,25,18,12, , 
2021/6/23,60,32,35,21, , 
2021/6/24,44,31,26,29, , 
2021/6/25,57,17,25,19, , 
2021/6/26,45,19,30,17, , 
2021/6/27,47,25,27,27, , 
2021/6/28,38,22,27,26, , 
2021/6/29,32,17,21,11, , 
2021/6/3,58,20,26,33, , 
2021/6/30,38,24,34,24, , 
2021/6/4,43,13, ,9, , 
2021/6/5,39,15, ,11, , 
2021/6/6,34,26,39,21, , 
2021/6/7,45,31,23,21, , 
2021/6/8,67,37,44,35, , 
2021/6/9,38,25,26,30, , 
2021/7/1,53,37,37,38, , 
2021/7/10,36,54,27,8, , 
2021/7/11,24,25,24,25, , 
2021/7/12,47,22,16,24, , 
2021/7/13,54,13,29,11, , 
2021/7/14,38,19,29,17, , 
2021/7/15,41,16,28,31, , 
2021/7/16,42,29,32,20, , 
2021/7/17,66,22,31,19, , 
2021/7/18,45,28,35,28, , 
2021/7/19,54,42,36,25, , 
2021/7/2,66,26,28,15, , 
2021/7/20,65,50,47,30, , 
2021/7/21,67,49,45,23, , 
2021/7/22,60,54,48,22, , 
2021/7/23,62,27,35,13, , 
2021/7/24,42,21,33,12, , 
2021/7/25,43,23,34,24, , 
2021/7/26,41,26,25,35, , 
2021/7/27,56,22,29,16, , 
2021/7/28,34,22,26,17, , 
2021/7/29,27,31,26,22, , 
2021/7/3,46,20,20,4, , 
2021/7/30,42,16,28,11, , 
2021/7/31,28,18,27,11, , 
2021/7/4,30,19,21,6, , 
2021/7/5,36,24,25,7, , 
2021/7/6,27,21,24,7, , 
2021/7/7,30,48,23,10, , 
2021/7/8,26,44,26,13, , 
2021/7/9,37,60,21,15, , 
2021/8/1,26,17,27,15, , 
2021/8/10,35,17,42,15, , 
2021/8/11,38,32,43,23, , 
2021/8/12,55,29,37,15, , 
2021/8/13,40,27,44,17, , 
2021/8/14,45,40,42,24, , 
2021/8/15,56,23,32,7, , 
2021/8/16,40,26,28,13, , 
2021/8/17,47,17,26,11, , 
2021/8/18,30,19,21,14, , 
2021/8/19,29,31,30,26, , 
2021/8/2,30,16,29,17, , 
2021/8/20,42,19,30,16, , 
2021/8/21,41,20,27,8, , 
2021/8/22,33,25,29,15, , 
2021/8/23,41,37,34,23, , 
2021/8/24,51,36,37,19, , 
2021/8/25,48,28,31,16, , 
2021/8/26,37,39,31,18, , 
2021/8/27,43,29,29,11, , 
2021/8/28,37,34,30,11, , 
2021/8/29,43,34,35,17, , 
2021/8/3,30,21,31,19, , 
2021/8/30,51,36,34,25, , 
2021/8/31,57,31,32,16, , 
2021/8/4,48,28,30,19, , 
2021/8/5,44,15,26,13, , 
2021/8/6,21,16,22,15, , 
2021/8/7,30,19,26,10, , 
2021/8/8,27,20,25,19, , 
2021/8/9,34,23,22,19, , 
2021/9/1,62,41,40,26, , 
2021/9/10,37,15,28,18, , 
2021/9/11,30,29,35,26, , 
2021/9/12,44,31,35,34, , 
2021/9/13,49,26,26,30, , 
2021/9/14,55,19,19,28, , 
2021/9/15,57,21,34,31, , 
2021/9/16,39,27,35,36, , 
2021/9/17,62,30,32,21, , 
2021/9/18,47,33,34,9, , 
2021/9/19,41,15,25,13, , 
2021/9/2,66,45,50,39, , 
2021/9/20,27,26,26,13, , 
2021/9/21,62,30,34,16, , 
2021/9/22,60,31,40,34, , 
2021/9/23,53,29,35,48, , 
2021/9/24,47,33,23,46, , 
2021/9/25,67,21,29,42, , 
2021/9/26,58,21,28,38, , 
2021/9/27,40,30,28,43, , 
2021/9/28,53,30,26,38, , 
2021/9/29,20,27,24,32, , 
2021/9/3,68,46,37,41, , 
2021/9/30,42,29,22,33, , 
2021/9/4,71,25,41,26, , 
2021/9/5,59,20,49,14, , 
2021/9/6,63,45,52,39, , 
2021/9/7,59,40,45,42, , 
2021/9/8,65,28,26,22, , 
2021/9/9,53,22,28,25, , 
2022/1/1,67,21,27,18, , 
2022/1/10,76,40,13,30, , 
2022/1/11,80,52,2,35, , 
2022/1/12,104,37,2,25, , 
2022/1/13,65,54,3,37, , 
2022/1/14,104,67,2,35, , 
2022/1/15,153,35,8,24, , 
2022/1/16,87,38,9,28, , 
2022/1/17,77,43,15,31, , 
2022/1/18,65,34,11,25, , 
2022/1/19,68,26,23,23, , 
2022/1/2,49,23,27,19, , 
2022/1/20,50,30,19,26, , 
2022/1/21,47,30,21,23, , 
2022/1/22,61,28,21,21, , 
2022/1/23,65,43,11,32, , 
2022/1/24,86,54, ,30, , 
2022/1/25,120,50,13,28, , 
2022/1/26,108,42,9,26, , 
2022/1/27,93,22,16,26, , 
2022/1/28,66,15, ,19, , 
2022/1/29,52,25,26,21, , 
2022/1/3,38,12,24,23, , 
2022/1/30,45,25,26,16, , 
2022/1/31,38,20,23,18, , 
2022/1/4,26,22,19,19, , 
2022/1/5,37,31,17,25, , 
2022/1/6,58,18,25,22, , 
2022/1/7,40,14,31,28, , 
2022/1/8,37,16,28,22, , 
2022/1/9,34,33,17,36, , 
2022/10/1,31,16,23,19, , 
2022/10/10,64,32,13,26, , 
2022/10/11,53,44,18,32, , 
2022/10/12,68,33,17,29, , 
2022/10/13,65,14,17,24, , 
2022/10/14,42,13,24,19, , 
2022/10/15,38,20,19,23, , 
2022/10/16,31,31,11,27, , 
2022/10/17,62,25,16,28, , 
2022/10/18,57,28,14,20, , 
2022/10/19,53,30,20,27, , 
2022/10/2,34,24,16,26, , 
2022/10/20,60,29,21,29, , 
2022/10/21,56,30,21,28, , 
2022/10/22,57,27,22,22, , 
2022/10/23,52,25,27,18, , 
2022/10/24,42,33,20,25, , 
2022/10/25,51,30,22,27, , 
2022/10/26,51,42,10,27, , 
2022/10/27,58,45,15,28, , 
2022/10/28,72,48,10,30, , 
2022/10/29,76,35,20,23, , 
2022/10/3,55,38,18,31, , 
2022/10/30,61,37,21,27, , 
2022/10/31,68,26,27,16, , 
2022/10/4,70,33,29,22, , 
2022/10/5,53,33,23,21, , 
2022/10/6,49,43,25,31, , 
2022/10/7,68,25,19,20, , 
2022/10/8,48,32,25,26, , 
2022/10/9,57,43,18,25, , 
2022/11/1,46,29,23,23, , 
2022/11/10,63,24,15,20, , 
2022/11/11,53,39,2,22, , 
2022/11/12,77,34,3,20, , 
2022/11/13,77,28,12,19, , 
2022/11/14,62,20,17,25, , 
2022/11/15,47,20,21,25, , 
2022/11/16,44,19,26,18, , 
2022/11/17,36,20,21,21, , 
2022/11/18,40,19,17,20, , 
2022/11/19,40,18,18,23, , 
2022/11/2,51,23,19,27, , 
2022/11/20,48,25,22,23, , 
2022/11/21,41,18,22,19, , 
2022/11/22,30,23,19,26, , 
2022/11/23,52,30,22,25, , 
2022/11/24,52,27,17,30, , 
2022/11/25,56,34,12,26, , 
2022/11/26,80,14,9,22, , 
2022/11/27,63,13,18,10, , 
2022/11/28,51,28,13,23, , 
2022/11/29,73,30,9,25, , 
2022/11/3,48,20,21,19, , 
2022/11/30,61,31,5,18, , 
2022/11/4,36,28,18,25, , 
2022/11/5,57,21,19,22, , 
2022/11/6,54,24,23,21, , 
2022/11/7,42,27,22,29, , 
2022/11/8,49,24,21,24, , 
2022/11/9,41,34,15,28, , 
2022/12/1,78,37,4,18, , 
2022/12/10,73,30,12,22, , 
2022/12/11,62,38,10,22, , 
2022/12/12,78,44,6,28, , 
2022/12/13,80,52,3,23, , 
2022/12/14,91,51,3,28, , 
2022/12/15,100,39,6,29, , 
2022/12/16,85,41,10,31, , 
2022/12/17,92,42,4,23, , 
2022/12/18,94,28,14,29, , 
2022/12/19,59,23,13,30, , 
2022/12/2,93,24,3,17, , 
2022/12/20,54,18,15,25, , 
2022/12/21,43,20,25,18, , 
2022/12/22,42,13,22,20, , 
2022/12/23,31,23,21,28, , 
2022/12/24,51,16,15,21, , 
2022/12/25,55,15,23,20, , 
2022/12/26,38,22,19,28, , 
2022/12/27,56,11,23,17, , 
2022/12/28,37,19,28,19, , 
2022/12/29,38,15,20,21, , 
2022/12/3,68,30,5,17, , 
2022/12/30,40,18,20,12, , 
2022/12/31,37,22,20,18, , 
2022/12/4,79,29,1,16, , 
2022/12/5,77,34, ,17, , 
2022/12/6,81,38,4,24, , 
2022/12/7,76,42,4,27, , 
2022/12/8,80,36,7,26, , 
2022/12/9,77,33,11,24, , 
2022/2/1,36,19,20,13, , 
2022/2/10,64,27,21,25, , 
2022/2/11,52,37,20,33, , 
2022/2/12,66,42,23,28, , 
2022/2/13,62,25,27,24, , 
2022/2/14,31,21,27,25, , 
2022/2/15,34,9,27,28, , 
2022/2/16,19,33,30,29, , 
2022/2/17,47,19,30,26, , 
2022/2/18,38,22,28,17, , 
2022/2/19,36,24,33,15, , 
2022/2/2,25,24,25,22, , 
2022/2/20,36,28,31,16, , 
2022/2/21,46,33,30,22, , 
2022/2/22,52,31,30,30, , 
2022/2/23,54,25,28,26, , 
2022/2/24,40,25,28,20, , 
2022/2/25,34,34,29,32, , 
2022/2/26,60,28,27,27, , 
2022/2/27,55,34,23,37, , 
2022/2/28,62,57,22,43, , 
2022/2/3,43,18,26,20, , 
2022/2/4,41,27,22,34, , 
2022/2/5,57,14,30,15, , 
2022/2/6,35,26,26,20, , 
2022/2/7,39,36,18,32, , 
2022/2/8,73,41,8,38, , 
2022/2/9,68,28,24,23, , 
2022/3/1,91,38,15,35, , 
2022/3/10,72,30,23,35, , 
2022/3/11,52,21,25,30, , 
2022/3/12,47,16,28,27, , 
2022/3/13,42,28,29,31, , 
2022/3/14,51,27,20,34, , 
2022/3/15,58,45,20,27, , 
2022/3/16,66,25,24,20, , 
2022/3/17,43,34,30,25, , 
2022/3/18,66,44,37,26, , 
2022/3/19,75,35,29,25, , 
2022/3/2,96,47,17,35, , 
2022/3/20,61,46,34,32, , 
2022/3/21,84,47,39,41, , 
2022/3/22,76,56,43,48, , 
2022/3/23,86,58,42,50, , 
2022/3/24,93,64,51,42, , 
2022/3/25,124,67,48,33, , 
2022/3/26,98,63,42,35, , 
2022/3/27,88,62,42,42, , 
2022/3/28,105,52,26,39, , 
2022/3/29,85,53,22,31, , 
2022/3/3,109,57,14,33, , 
2022/3/30,118,32,28,19, , 
2022/3/31,69,15,28,18, , 
2022/3/4,112,46,23,26, , 
2022/3/5,94,57,29,23, , 
2022/3/6,118,42,24,23, , 
2022/3/7,90,50,26,40, , 
2022/3/8,105,48,27,39, , 
2022/3/9,90,44,31,40, , 
2022/4/1,39,24,33,20, , 
2022/4/10,63,27,35,20, , 
2022/4/11,45,31,34,20, , 
2022/4/12,43,25,28,34, , 
2022/4/13,52,35,32,31, , 
2022/4/14,63,33,36,29, , 
2022/4/15,57,44,36,26, , 
2022/4/16,63,40,35,31, , 
2022/4/17,43,36,38,28, , 
2022/4/18,40,36,35,18, , 
2022/4/19,46,59,38,27, , 
2022/4/2,46,28,35,21, , 
2022/4/20,65,53,41,37, , 
2022/4/21,50,47,38,30, , 
2022/4/22,49,43,31,27, , 
2022/4/23,60,37,38,20, , 
2022/4/24,62,39,36,16, , 
2022/4/25,61,44,30,23, , 
2022/4/26,73,46,38,26, , 
2022/4/27,63,52,41,33, , 
2022/4/28,68,52,39,25, , 
2022/4/29,73,64,37,19, , 
2022/4/3,54,26,35,27, , 
2022/4/30,60,51,38,23, , 
2022/4/4,46,20,21,22, , 
2022/4/5,43,22,28,20, , 
2022/4/6,36,26,32,16, , 
2022/4/7,29,17,28,25, , 
2022/4/8,35,18,31,23, , 
2022/4/9,39,34,35,32, , 
2022/5/1,56,55,39,26, , 
2022/5/10,65,52,31,28, , 
2022/5/11,52,33,32,20, , 
2022/5/12,41,31,35,19, , 
2022/5/13,37,45,41,34, , 
2022/5/14,50,61,40,30, , 
2022/5/15,54,36,36,24, , 
2022/5/16,48,40,39,39, , 
2022/5/17,54,36,34,27, , 
2022/5/18,45,51,36,26, , 
2022/5/19,60,39,33,27, , 
2022/5/2,72,53,40,22, , 
2022/5/20,54,32,41,29, , 
2022/5/21,48,32,32,31, , 
2022/5/22,51,28,25,25, , 
2022/5/23,46,31,29,16, , 
2022/5/24,31,23,29,24, , 
2022/5/25,39,11,28,13, , 
2022/5/26,21,23,32,15, , 
2022/5/27,33,46,36,19, , 
2022/5/28,50,31,34,19, , 
2022/5/29,38,30,34,27, , 
2022/5/3,70,47,31,19, , 
2022/5/30,44,36,39,30, , 
2022/5/31,44,30,37,24, , 
2022/5/4,66,37,31,18, , 
2022/5/5,48,41,37,20, , 
2022/5/6,57,46,29,20, , 
2022/5/7,53,35,29,18, , 
2022/5/8,76,43,47,32, , 
2022/5/9,64,60,44,38, , 
2022/6/1,46,43,41,33, , 
2022/6/10,40,24,30,17, , 
2022/6/11,40,24,34,13, , 
2022/6/12,34,34,37,17, , 
2022/6/13,41,37,47,36, , 
2022/6/14,49,39,67,34, , 
2022/6/15,57,47,65,40, , 
2022/6/16,56,43,68,42, , 
2022/6/17,60,56,53,44, , 
2022/6/18,71,57,32,17, , 
2022/6/19,63,31,32,19, , 
2022/6/2,44,39,26,41, , 
2022/6/20,57,43,42,30, , 
2022/6/21,57,36,40,29, , 
2022/6/22,64,30,41,30, , 
2022/6/23,53,28,33,21, , 
2022/6/24,35,20,29,21, , 
2022/6/25,36,28,31,23, , 
2022/6/26,38,27,30,22, , 
2022/6/27,38,29,41,29, , 
2022/6/28,38,33,32,26, , 
2022/6/29,44,20,20,20, , 
2022/6/3,55,39,36,30, , 
2022/6/30,37,19,28,20, , 
2022/6/4,57,24,28,17, , 
2022/6/5,46,17,31,14, , 
2022/6/6,27,18,27,22, , 
2022/6/7,35,26,25,20, , 
2022/6/8,35,24,27,17, , 
2022/6/9,36,26,24,23, , 
2022/7/1,31,27,38,29, , 
2022/7/10,37,21,20,23, , 
2022/7/11,39,28,51,38, , 
2022/7/12,51,41,54,39, , 
2022/7/13,59,32,48,17, , 
2022/7/14,57,25,36,21, , 
2022/7/15,39,28,47,7, , 
2022/7/16,52,24,46,8, , 
2022/7/17,44,35,72,25, , 
2022/7/18,63,52,59,48, , 
2022/7/19,78,37,35,22, , 
2022/7/2,43,49,30,13, , 
2022/7/20,76,28,39,19, , 
2022/7/21,54,38,29,23, , 
2022/7/22,64,36,42,18, , 
2022/7/23,66,29,45,24, , 
2022/7/24,56,26,27,18, , 
2022/7/25,43,22,31,14, , 
2022/7/26,35,23,35,24, , 
2022/7/27,38,24,43,26, , 
2022/7/28,43,29,48,32, , 
2022/7/29,51,26,48,22, , 
2022/7/3,29,32,37,17, , 
2022/7/30,48,15,25,9, , 
2022/7/31,31,19,26,12, , 
2022/7/4,34,35,36,15, , 
2022/7/5,36,41,33,18, , 
2022/7/6,40,38,21,10, , 
2022/7/7,36,50,35,7, , 
2022/7/8,36,48,41,16, , 
2022/7/9,47,41,26,17, , 
2022/8/1,33,24,39,22, , 
2022/8/10,52,38,56,39, , 
2022/8/11,58,37,57,38, , 
2022/8/12,59,22,46,28, , 
2022/8/13,45,23,41,19, , 
2022/8/14,51,22,45,16, , 
2022/8/15,53,35,42,35, , 
2022/8/16,62,29,34,28, , 
2022/8/17,59,31,44,23, , 
2022/8/18,62,21,33,11, , 
2022/8/19,40,18, ,9, , 
2022/8/2,43,30,54,34, , 
2022/8/20,40,21, ,21, , 
2022/8/21,47,21, ,18, , 
2022/8/22,40,24,29,24, , 
2022/8/23,46,25,40,33, , 
2022/8/24,46,36,51,32, , 
2022/8/25,54,22,34,15, , 
2022/8/26,38,20,37,21, , 
2022/8/27,41,24,37,23, , 
2022/8/28,47,28,44,27, , 
2022/8/29,47,29,46,25, , 
2022/8/3,54,27,27,15, , 
2022/8/30,53,30,49,22, , 
2022/8/31,54,30,43,34, , 
2022/8/4,41,28,38,15, , 
2022/8/5,41,19,34,21, , 
2022/8/6,31,19,42,22, , 
2022/8/7,36,26,46,24, , 
2022/8/8,43,38,56,25, , 
2022/8/9,48,35,52,30, , 
2022/9/1,56,32,37,35, , 
2022/9/10,33,23,32,24, , 
2022/9/11,55,24,34,32, , 
2022/9/12,49,38,26,37, , 
2022/9/13,55,27,30,24, , 
2022/9/14,45,22,33,17, , 
2022/9/15,42,23,24,17, , 
2022/9/16,36,19,25,14, , 
2022/9/17,29,20,28,16, , 
2022/9/18,32,23, ,23, , 
2022/9/19,36,30,19,29, , 
2022/9/2,56,24,28,25, , 
2022/9/20,52,33,28,30, , 
2022/9/21,53,39,28,38, , 
2022/9/22,54,51,23,46, , 
2022/9/23,76,23,25,28, , 
2022/9/24,51,19,24,16, , 
2022/9/25,35,19,22,18, , 
2022/9/26,30,22,24,19, , 
2022/9/27,38,18,20,19, , 
2022/9/28,32,26,14,27, , 
2022/9/29,49,34,27,28, , 
2022/9/3,47,32,39,31, , 
2022/9/30,66,20,27,20, , 
2022/9/4,53,25,42,31, , 
2022/9/5,45,27,33,28, , 
2022/9/6,46,28,26,29, , 
2022/9/7,49,23,28,22, , 
2022/9/8,43,22,24,20, , 
2022/9/9,39,17,24,17, , 
2023/1/1,54,15,23,21, , 
2023/1/10,44,13,22,13, , 
2023/1/11,20,17,27,15, , 
2023/1/12,31,19,29,17, , 
2023/1/13,34,14,26,16, , 
2023/1/14,33,12,29,12, , 
2023/1/15,29,12,28,18, , 
2023/1/16,26,24,11,30, , 
2023/1/17,57,24,18,24, , 
2023/1/18,53,21,15,23, , 
2023/1/19,54,24,14,23, , 
2023/1/2,36,24,18,25, , 
2023/1/20,55,28,13,21, , 
2023/1/21,71,28,14,17, , 
2023/1/22,72,28,9,18, , 
2023/1/23,71,36,8,21, , 
2023/1/24,72,37,6,21, , 
2023/1/25,91,38,17,26, , 
2023/1/26,94,28,20,24, , 
2023/1/27,51,26,16,20, , 
2023/1/28,66,37,21,28, , 
2023/1/29,82,169,15,24, , 
2023/1/3,50,11,25,14, , 
2023/1/30,56,604,19,28, , 
2023/1/31,59,301,24,21, , 
2023/1/4,29,11,24,17, , 
2023/1/5,23,15,24,20, , 
2023/1/6,35,15,20,20, , 
2023/1/7,43,13,27,16, , 
2023/1/8,34,15,27,16, , 
2023/1/9,31,20,21,25, , 
2023/2/1,46,25,25,22, , 
2023/2/10,120,49,20,34, , 
2023/2/11,77,28,20,26, , 
2023/2/12,33,54,9,34, , 
2023/2/13,83,68,6,41, , 
2023/2/14,129,73,5,41, , 
2023/2/15,150,44,22,30, , 
2023/2/16,81,20,18,19, , 
2023/2/17,41,16,28,14, , 
2023/2/18,31,22,28,16, , 
2023/2/19,42,42,12,30, , 
2023/2/2,38,19,25,19, , 
2023/2/20,74,60,5,39, , 
2023/2/21,113,41,8,22, , 
2023/2/22,82,31,16,21, , 
2023/2/23,61,37,21,22, , 
2023/2/24,74,25,27,15, , 
2023/2/25,45,25,27,8, , 
2023/2/26,46,27,24,11, , 
2023/2/27,46,31,22,20, , 
2023/2/28,65,37,21,24, , 
2023/2/3,29,22,17,21, , 
2023/2/4,49,23,25,17, , 
2023/2/5,42,36,16,23, , 
2023/2/6,58,39,13,25, , 
2023/2/7,66,45,11,31, , 
2023/2/8,81,66,5,40, , 
2023/2/9,137,65,15,36, , 
2023/3/1,79,49,15,25, , 
2023/3/10,35,23,26,23, , 
2023/3/11,53,19,30,17, , 
2023/3/12,48,17,34,12, , 
2023/3/13,41,15,30,17, , 
2023/3/14,29,22,28,33, , 
2023/3/15,34,26,27,36, , 
2023/3/16,48,37,27,32, , 
2023/3/17,59,19,31,22, , 
2023/3/18,39,18,28,17, , 
2023/3/19,22,36,30,33, , 
2023/3/2,104,46,14,21, , 
2023/3/20,42,26,28,27, , 
2023/3/21,45,23,27,20, , 
2023/3/22,43,44,32,15, , 
2023/3/23,48,34,33,16, , 
2023/3/24,52,21,33,12, , 
2023/3/25,32,16,35,11, , 
2023/3/26,32,16,30,18, , 
2023/3/27,35,26,29,34, , 
2023/3/28,53,34,30,29, , 
2023/3/29,55,26,34,20, , 
2023/3/3,99,35,22,26, , 
2023/3/30,40,22,32,15, , 
2023/3/31,39,14,31,10, , 
2023/3/4,74,24,22,23, , 
2023/3/5,60,28,23,19, , 
2023/3/6,64,26,28,18, , 
2023/3/7,51,15,31,24, , 
2023/3/8,39,15,31,16, , 
2023/3/9,40,14,29,14, , 
2023/4/1,27,19,25,12, , 
2023/4/10,44,22,31,18, , 
2023/4/11,35,15,36,18, , 
2023/4/12,26,25,33,19, , 
2023/4/13,34,22,24,27, , 
2023/4/14,40,18,24,18, , 
2023/4/15,38,23,36,18, , 
2023/4/16,49,33,22,23, , 
2023/4/17,69,42,33,23, , 
2023/4/18,93,25,31,15, , 
2023/4/19,58,32,33,22, , 
2023/4/2,46,23,30,26, , 
2023/4/20,56,29,33,32, , 
2023/4/21,61,29,34,30, , 
2023/4/22,66,19,36,24, , 
2023/4/23,41,22,37,52, , 
2023/4/24,43,27,31,58, , 
2023/4/25,49,33,34,34, , 
2023/4/26,59,28,33,33, , 
2023/4/27,53,20,26,18, , 
2023/4/28,32,23,28,19, , 
2023/4/29,56,30,32,30, , 
2023/4/3,49,25,32,30, , 
2023/4/30,68,31,30,17, , 
2023/4/4,55,38,32,31, , 
2023/4/5,67,32,34,28, , 
2023/4/6,51,25,31,21, , 
2023/4/7,42,27,34,27, , 
2023/4/8,54,31,38,28, , 
2023/4/9,65,23,33,22, , 
2023/5/1,66,30,29,21, , 
2023/5/10,41,27,25,20, , 
2023/5/11,44,22,24,22, , 
2023/5/12,35,43,42,20, , 
2023/5/13,69,39,37,15, , 
2023/5/14,72,29,28,18, , 
2023/5/15,63,38,29,15, , 
2023/5/16,38,18,33,22, , 
2023/5/17,47,24,39,21, , 
2023/5/18,50,31,41,22, , 
2023/5/19,59,38,39,19, , 
2023/5/2,55,34,37,26, , 
2023/5/20,66,34,37,14, , 
2023/5/21,64,36,35,17, , 
2023/5/22,67,39,34,19, , 
2023/5/23,64,39,35,23, , 
2023/5/24,57,40,39,26, , 
2023/5/25,67,45,38,22, , 
2023/5/26,66,39,40,26, , 
2023/5/27,68,41,49,23, , 
2023/5/28,95,40,38,16, , 
2023/5/29,73,42,40,22, , 
2023/5/3,56,32,38,29, , 
2023/5/30,78,41,45,22, , 
2023/5/31,71,48,47,25, , 
2023/5/4,52,27,34,26, , 
2023/5/5,42,25,35,26, , 
2023/5/6,49,21,27,27, , 
2023/5/7,46,21,26,16, , 
2023/5/8,45,18,27,26, , 
2023/5/9,34,26,28,21, , 
2023/6/1,73,43,38,20, , 
2023/6/10,73,31,36,20, , 
2023/6/11,86,34,37,18, , 
2023/6/12,64,41,54,22, , 
2023/6/13,71,34,60,39, , 
2023/6/14,69,33,65,34, , 
2023/6/15,69,31,73,44, , 
2023/6/16,73,32,56,28, , 
2023/6/17,77,38,38,28, , 
2023/6/18,72,35,33,26, , 
2023/6/19,74,37,38,28, , 
2023/6/2,63,37,41,21, , 
2023/6/20,60,31,48,29, , 
2023/6/21,57,28,31,27, , 
2023/6/22,70,31,52,32, , 
2023/6/23,61,30,62,29, , 
2023/6/24,61,31,67,29, , 
2023/6/25,63,26,38,13, , 
2023/6/26,54,27,39,16, , 
2023/6/27,61,28,45,22, , 
2023/6/28,58, , , , , 
2023/6/3,69,33,44,23, , 
2023/6/4,59,41,46,21, , 
2023/6/5,67,41,49,23, , 
2023/6/6,88,39,55,25, , 
2023/6/7,74,39,56,22, , 
2023/6/8,80,39,58,24, , 
2023/6/9,98,31,41,22, , 